        581,0,         1
        581,0,         2
        581,0,         3
        581,0,         4
        581,0,         5
        581,0,         6
        581,0,         7
        581,0,         8
        581,0,         9
        581,0,        10
        581,0,        11
        581,0,        12
        581,0,        13
        581,0,        14
        581,0,        15
        581,0,        16
        581,0,        17
        581,0,        18
        581,0,        19
        581,0,        20
        581,0,        21
        581,0,        22
        581,0,        23
        580,0,        24
        580,0,        25
        580,0,        26
        580,0,        27
        580,0,        28
        580,0,        29
        580,0,        30
        580,0,        31
        580,0,        32
        580,0,        33
        580,0,        34
        580,0,        35
        580,0,        36
        580,0,        37
        580,0,        38
        580,0,        39
        580,0,        40
        580,0,        41
        580,0,        42
        580,0,        43
        580,0,        44
        580,0,        45
        580,0,        46
        580,0,        47
        580,0,        48
        580,0,        49
        580,0,        50
        580,0,        51
        580,0,        52
        580,0,        53
        580,0,        54
        580,0,        55
        580,0,        56
        580,0,        57
        580,0,        58
        580,0,        59
        580,0,        60
        580,0,        61
        580,0,        62
        580,0,        63
        580,0,        64
        580,0,        65
        580,0,        66
        580,0,        67
        580,0,        68
        580,0,        69
        580,0,        70
        580,0,        71
        579,0,        72
        579,0,        73
        579,0,        74
        579,0,        75
        579,0,        76
        579,0,        77
        579,0,        78
        579,0,        79
        579,0,        80
        579,0,        81
        579,0,        82
        579,0,        83
        579,0,        84
        579,0,        85
        579,0,        86
        579,0,        87
        579,0,        88
        579,0,        89
        579,0,        90
        579,0,        91
        579,0,        92
        579,0,        93
        579,0,        94
        579,0,        95
        579,0,        96
        579,0,        97
        579,0,        98
        579,0,        99
        579,0,       100
        579,0,       101
        579,0,       102
        579,0,       103
        579,0,       104
        579,0,       105
        579,0,       106
        579,0,       107
        579,0,       108
        579,0,       109
        579,0,       110
        579,0,       111
        579,0,       112
        579,0,       113
        579,0,       114
        579,0,       115
        579,0,       116
        579,0,       117
        579,0,       118
        579,0,       119
        579,0,       120
        579,0,       121
        579,0,       122
        579,0,       123
        579,0,       124
        579,0,       125
        579,0,       126
        579,0,       127
        579,0,       128
        579,0,       129
        578,0,       130
        578,0,       131
        578,0,       132
        578,0,       133
        578,0,       134
        578,0,       135
        578,0,       136
        578,0,       137
        578,0,       138
        578,0,       139
        578,0,       140
        578,0,       141
        578,0,       142
        578,0,       143
        578,0,       144
        578,0,       145
        578,0,       146
        578,0,       147
        578,0,       148
        578,0,       149
        578,0,       150
        578,0,       151
        578,0,       152
        578,0,       153
        578,0,       154
        578,0,       155
        578,0,       156
        578,0,       157
        578,0,       158
        578,0,       159
        578,0,       160
        578,0,       161
        578,0,       162
        578,0,       163
        578,0,       164
        578,0,       165
        578,0,       166
        578,0,       167
        578,0,       168
        578,0,       169
        578,0,       170
        578,0,       171
        578,0,       172
        578,0,       173
        578,0,       174
        578,0,       175
        578,0,       176
        578,0,       177
        578,0,       178
        577,0,       179
        577,0,       180
        577,0,       181
        577,0,       182
        577,0,       183
        577,0,       184
        577,0,       185
        577,0,       186
        577,0,       187
        577,0,       188
        577,0,       189
        577,0,       190
        577,0,       191
        577,0,       192
        577,0,       193
        577,0,       194
        577,0,       195
        577,0,       196
        577,0,       197
        577,0,       198
        577,0,       199
        577,0,       200
        577,0,       201
        577,0,       202
        577,0,       203
        577,0,       204
        577,0,       205
        577,0,       206
        576,0,       207
        576,0,       208
        576,0,       209
        576,0,       210
        576,0,       211
        576,0,       212
        576,0,       213
        576,0,       214
        576,0,       215
        576,0,       216
        576,0,       217
        576,0,       218
        576,0,       219
        575,0,       220
        575,0,       221
        575,0,       222
        575,0,       223
        575,0,       224
        575,0,       225
        575,0,       226
        575,0,       227
        574,0,       228
        574,0,       229
        574,0,       230
        574,0,       231
        574,0,       232
        574,0,       233
        574,0,       234
        573,0,       235
        573,0,       236
        573,0,       237
        573,0,       238
        573,0,       239
        573,0,       240
        572,0,       241
        572,0,       242
        572,0,       243
        572,0,       244
        572,0,       245
        571,0,       246
        571,0,       247
        571,0,       248
        571,0,       249
        571,0,       250
        570,0,       251
        570,0,       252
        570,0,       253
        570,0,       254
        569,0,       255
        569,0,       256
        569,0,       257
        569,0,       258
        569,0,       259
        568,0,       260
        568,0,       261
        568,0,       262
        568,0,       263
        567,0,       264
        567,0,       265
        567,0,       266
        567,0,       267
        566,0,       268
        566,0,       269
        566,0,       270
        566,0,       271
        565,0,       272
        565,0,       273
        565,0,       274
        565,0,       275
        564,0,       276
        564,0,       277
        564,0,       278
        564,0,       279
        563,0,       280
        563,0,       281
        563,0,       282
        563,0,       283
        562,0,       284
        562,0,       285
        562,0,       286
        562,0,       287
        561,0,       288
        561,0,       289
        561,0,       290
        561,0,       291
        560,0,       292
        560,0,       293
        560,0,       294
        560,0,       295
        560,0,       296
        559,0,       297
        559,0,       298
        559,0,       299
        559,0,       300
        559,0,       301
        558,0,       302
        558,0,       303
        558,0,       304
        558,0,       305
        558,0,       306
        557,0,       307
        557,0,       308
        557,0,       309
        557,0,       310
        557,0,       311
        556,0,       312
        556,0,       313
        556,0,       314
        556,0,       315
        556,0,       316
        556,0,       317
        555,0,       318
        555,0,       319
        555,0,       320
        555,0,       321
        555,0,       322
        554,0,       323
        554,0,       324
        554,0,       325
        554,0,       326
        554,0,       327
        554,0,       328
        553,0,       329
        553,0,       330
        553,0,       331
        553,0,       332
        553,0,       333
        553,0,       334
        552,0,       335
        552,0,       336
        552,0,       337
        552,0,       338
        552,0,       339
        552,0,       340
        551,0,       341
        551,0,       342
        551,0,       343
        551,0,       344
        551,0,       345
        551,0,       346
        550,0,       347
        550,0,       348
        550,0,       349
        550,0,       350
        550,0,       351
        550,0,       352
        549,0,       353
        549,0,       354
        549,0,       355
        549,0,       356
        549,0,       357
        549,0,       358
        548,0,       359
        548,0,       360
        548,0,       361
        548,0,       362
        548,0,       363
        548,0,       364
        547,0,       365
        547,0,       366
        547,0,       367
        547,0,       368
        547,0,       369
        547,0,       370
        546,0,       371
        546,0,       372
        546,0,       373
        546,0,       374
        546,0,       375
        546,0,       376
        545,0,       377
        545,0,       378
        545,0,       379
        545,0,       380
        545,0,       381
        545,0,       382
        545,0,       383
        544,0,       384
        544,0,       385
        544,0,       386
        544,0,       387
        544,0,       388
        544,0,       389
        544,0,       390
        544,0,       391
        544,0,       392
        543,0,       393
        543,0,       394
        543,0,       395
        543,0,       396
        543,0,       397
        543,0,       398
        543,0,       399
        543,0,       400
        543,0,       401
        543,0,       402
        543,0,       403
        543,0,       404
        543,0,       405
        543,0,       406
        543,0,       407
        543,0,       408
        542,0,       409
        542,0,       410
        542,0,       411
        542,0,       412
        542,0,       413
        542,0,       414
        542,0,       415
        542,0,       416
        542,0,       417
        542,0,       418
        542,0,       419
        542,0,       420
        542,0,       421
        541,0,       422
        541,0,       423
        541,0,       424
        541,0,       425
        541,0,       426
        541,0,       427
        541,0,       428
        541,0,       429
        541,0,       430
        541,0,       431
        541,0,       432
        541,0,       433
        541,0,       434
        540,0,       435
        540,0,       436
        540,0,       437
        540,0,       438
        540,0,       439
        540,0,       440
        540,0,       441
        540,0,       442
        540,0,       443
        540,0,       444
        540,0,       445
        540,0,       446
        540,0,       447
        540,0,       448
        540,0,       449
        540,0,       450
        540,0,       451
        540,0,       452
        540,0,       453
        540,0,       454
        540,0,       455
        540,0,       456
        539,0,       457
        539,0,       458
        539,0,       459
        539,0,       460
        539,0,       461
        539,0,       462
        539,0,       463
        539,0,       464
        539,0,       465
        539,0,       466
        539,0,       467
        539,0,       468
        539,0,       469
        539,0,       470
        539,0,       471
        539,0,       472
        539,0,       473
        539,0,       474
        539,0,       475
        539,0,       476
        539,0,       477
        539,0,       478
        539,0,       479
        539,0,       480
        539,0,       481
        539,0,       482
        539,0,       483
        539,0,       484
        539,0,       485
        539,0,       486
        539,0,       487
        539,0,       488
        539,0,       489
        539,0,       490
        539,0,       491
        539,0,       492
        539,0,       493
        539,0,       494
        539,0,       495
        539,0,       496
        539,0,       497
        539,0,       498
        539,0,       499
        539,0,       500
        539,0,       501
        539,0,       502
        539,0,       503
        539,0,       504
        539,0,       505
        539,0,       506
        539,0,       507
        539,0,       508
        539,0,       509
        539,0,       510
        539,0,       511
        539,0,       512
        539,0,       513
        539,0,       514
        539,0,       515
        539,0,       516
        539,0,       517
        539,0,       518
        539,0,       519
        539,0,       520
        539,0,       521
        539,0,       522
        539,0,       523
        539,0,       524
        539,0,       525
        539,0,       526
        539,0,       527
        539,0,       528
        539,0,       529
        539,0,       530
        538,0,       531
        538,0,       532
        538,0,       533
        538,0,       534
        538,0,       535
        538,0,       536
        538,0,       537
        538,0,       538
        538,0,       539
        538,0,       540
        538,0,       541
        538,0,       542
        538,0,       543
        538,0,       544
        538,0,       545
        538,0,       546
        538,0,       547
        538,0,       548
        538,0,       549
        538,0,       550
        538,0,       551
        538,0,       552
        538,0,       553
        538,0,       554
        538,0,       555
        538,0,       556
        538,0,       557
        538,0,       558
        538,0,       559
        538,0,       560
        538,0,       561
        538,0,       562
        538,0,       563
        538,0,       564
        538,0,       565
        538,0,       566
        538,0,       567
        538,0,       568
        538,0,       569
        538,0,       570
        538,0,       571
        538,0,       572
        538,0,       573
        538,0,       574
        538,0,       575
        538,0,       576
        538,0,       577
        538,0,       578
        538,0,       579
        538,0,       580
        538,0,       581
        538,0,       582
        538,0,       583
        538,0,       584
        538,0,       585
        538,0,       586
        538,0,       587
        538,0,       588
        538,0,       589
        538,0,       590
        538,0,       591
        538,0,       592
        538,0,       593
        538,0,       594
        538,0,       595
        538,0,       596
        538,0,       597
        538,0,       598
        538,0,       599
        538,0,       600
        538,0,       601
        538,0,       602
        538,0,       603
        538,0,       604
        538,0,       605
        538,0,       606
        538,0,       607
        538,0,       608
        538,0,       609
        538,0,       610
        538,0,       611
        538,0,       612
        538,0,       613
        538,0,       614
        538,0,       615
        538,0,       616
        538,0,       617
        538,0,       618
        538,0,       619
        538,0,       620
        538,0,       621
        538,0,       622
        538,0,       623
        538,0,       624
        538,0,       625
        538,0,       626
        538,0,       627
        538,0,       628
        537,0,       629
        537,0,       630
        537,0,       631
        537,0,       632
        537,0,       633
        537,0,       634
        537,0,       635
        537,0,       636
        537,0,       637
        537,0,       638
        537,0,       639
        537,0,       640
        537,0,       641
        537,0,       642
        537,0,       643
        537,0,       644
        537,0,       645
        537,0,       646
        537,0,       647
        537,0,       648
        537,0,       649
        537,0,       650
        537,0,       651
        537,0,       652
        537,0,       653
        537,0,       654
        537,0,       655
        537,0,       656
        537,0,       657
        537,0,       658
        537,0,       659
        537,0,       660
        537,0,       661
        537,0,       662
        537,0,       663
        537,0,       664
        537,0,       665
        537,0,       666
        537,0,       667
        537,0,       668
        537,0,       669
        537,0,       670
        537,0,       671
        537,0,       672
        537,0,       673
        537,0,       674
        537,0,       675
        537,0,       676
        537,0,       677
        537,0,       678
        537,0,       679
        537,0,       680
        537,0,       681
        537,0,       682
        537,0,       683
        537,0,       684
        537,0,       685
        537,0,       686
        537,0,       687
        537,0,       688
        537,0,       689
        537,0,       690
        537,0,       691
        537,0,       692
        537,0,       693
        537,0,       694
        537,0,       695
        537,0,       696
        537,0,       697
        537,0,       698
        537,0,       699
        537,0,       700
        537,0,       701
        537,0,       702
        537,0,       703
        537,0,       704
        537,0,       705
        537,0,       706
        537,0,       707
        537,0,       708
        537,0,       709
        537,0,       710
        537,0,       711
        537,0,       712
        537,0,       713
        537,0,       714
        537,0,       715
        537,0,       716
        537,0,       717
        537,0,       718
        537,0,       719
        537,0,       720
        537,0,       721
        537,0,       722
        537,0,       723
        537,0,       724
        537,0,       725
        537,0,       726
        537,0,       727
        537,0,       728
        537,0,       729
        537,0,       730
        537,0,       731
        537,0,       732
        537,0,       733
        537,0,       734
        537,0,       735
        537,0,       736
        537,0,       737
        537,0,       738
        537,0,       739
        537,0,       740
        537,0,       741
        537,0,       742
        537,0,       743
        537,0,       744
        537,0,       745
        537,0,       746
        537,0,       747
        537,0,       748
        537,0,       749
        537,0,       750
        537,0,       751
        537,0,       752
        537,0,       753
        537,0,       754
        537,0,       755
        537,0,       756
        537,0,       757
        537,0,       758
        537,0,       759
        537,0,       760
        537,0,       761
        537,0,       762
        537,0,       763
        537,0,       764
        537,0,       765
        537,0,       766
        537,0,       767
        537,0,       768
        537,0,       769
        537,0,       770
        537,0,       771
        537,0,       772
        537,0,       773
        537,0,       774
        537,0,       775
        536,0,       776
        536,0,       777
        536,0,       778
        536,0,       779
        536,0,       780
        536,0,       781
        536,0,       782
        536,0,       783
        536,0,       784
        536,0,       785
        536,0,       786
        536,0,       787
        536,0,       788
        536,0,       789
        536,0,       790
        536,0,       791
        536,0,       792
        536,0,       793
        536,0,       794
        536,0,       795
        536,0,       796
        536,0,       797
        536,0,       798
        536,0,       799
        536,0,       800
        536,0,       801
        536,0,       802
        536,0,       803
        536,0,       804
        536,0,       805
        536,0,       806
        536,0,       807
        536,0,       808
        536,0,       809
        536,0,       810
        536,0,       811
        536,0,       812
        536,0,       813
        536,0,       814
        536,0,       815
        536,0,       816
        536,0,       817
        536,0,       818
        536,0,       819
        536,0,       820
        536,0,       821
        536,0,       822
        536,0,       823
        536,0,       824
        536,0,       825
        536,0,       826
        536,0,       827
        536,0,       828
        536,0,       829
        536,0,       830
        536,0,       831
        536,0,       832
        536,0,       833
        536,0,       834
        536,0,       835
        536,0,       836
        536,0,       837
        536,0,       838
        536,0,       839
        536,0,       840
        536,0,       841
        536,0,       842
        536,0,       843
        536,0,       844
        536,0,       845
        536,0,       846
        536,0,       847
        536,0,       848
        536,0,       849
        536,0,       850
        536,0,       851
        536,0,       852
        536,0,       853
        536,0,       854
        536,0,       855
        536,0,       856
        536,0,       857
        536,0,       858
        536,0,       859
        536,0,       860
        536,0,       861
        536,0,       862
        536,0,       863
        536,0,       864
        536,0,       865
        536,0,       866
        536,0,       867
        536,0,       868
        536,0,       869
        536,0,       870
        536,0,       871
        536,0,       872
        536,0,       873
        536,0,       874
        536,0,       875
        536,0,       876
        536,0,       877
        536,0,       878
        536,0,       879
        536,0,       880
        536,0,       881
        536,0,       882
        536,0,       883
        536,0,       884
        536,0,       885
        536,0,       886
        536,0,       887
        536,0,       888
        536,0,       889
        536,0,       890
        536,0,       891
        536,0,       892
        536,0,       893
        536,0,       894
        536,0,       895
        536,0,       896
        536,0,       897
        536,0,       898
        536,0,       899
        536,0,       900
        536,0,       901
        536,0,       902
        536,0,       903
        536,0,       904
        536,0,       905
        536,0,       906
        536,0,       907
        536,0,       908
        536,0,       909
        536,0,       910
        536,0,       911
        536,0,       912
        536,0,       913
        536,0,       914
        536,0,       915
        536,0,       916
        536,0,       917
        536,0,       918
        535,0,       919
        535,0,       920
        535,0,       921
        535,0,       922
        535,0,       923
        535,0,       924
        535,0,       925
        535,0,       926
        535,0,       927
        535,0,       928
        535,0,       929
        535,0,       930
        535,0,       931
        535,0,       932
        535,0,       933
        535,0,       934
        535,0,       935
        535,0,       936
        535,0,       937
        535,0,       938
        535,0,       939
        535,0,       940
        535,0,       941
        535,0,       942
        535,0,       943
        535,0,       944
        535,0,       945
        535,0,       946
        535,0,       947
        535,0,       948
        535,0,       949
        535,0,       950
        535,0,       951
        535,0,       952
        535,0,       953
        535,0,       954
        535,0,       955
        535,0,       956
        535,0,       957
        535,0,       958
        535,0,       959
        535,0,       960
        535,0,       961
        535,0,       962
        535,0,       963
        535,0,       964
        535,0,       965
        535,0,       966
        535,0,       967
        535,0,       968
        535,0,       969
        535,0,       970
        535,0,       971
        535,0,       972
        535,0,       973
        535,0,       974
        535,0,       975
        535,0,       976
        535,0,       977
        535,0,       978
        535,0,       979
        535,0,       980
        535,0,       981
        535,0,       982
        535,0,       983
        535,0,       984
        535,0,       985
        535,0,       986
        535,0,       987
        535,0,       988
        535,0,       989
        535,0,       990
        535,0,       991
        535,0,       992
        535,0,       993
        535,0,       994
        535,0,       995
        535,0,       996
        535,0,       997
        535,0,       998
        535,0,       999
        535,0,      1000
        535,0,      1001
        535,0,      1002
        535,0,      1003
        535,0,      1004
        535,0,      1005
        535,0,      1006
        535,0,      1007
        535,0,      1008
        535,0,      1009
        535,0,      1010
        535,0,      1011
        535,0,      1012
        535,0,      1013
        535,0,      1014
        535,0,      1015
        535,0,      1016
        535,0,      1017
        535,0,      1018
        535,0,      1019
        535,0,      1020
        535,0,      1021
        535,0,      1022
        535,0,      1023
        535,0,      1024
        535,0,      1025
        535,0,      1026
        535,0,      1027
        535,0,      1028
        534,0,      1029
        534,0,      1030
        534,0,      1031
        534,0,      1032
        534,0,      1033
        534,0,      1034
        534,0,      1035
        534,0,      1036
        534,0,      1037
        534,0,      1038
        534,0,      1039
        534,0,      1040
        534,0,      1041
        534,0,      1042
        534,0,      1043
        534,0,      1044
        534,0,      1045
        534,0,      1046
        534,0,      1047
        534,0,      1048
        534,0,      1049
        534,0,      1050
        534,0,      1051
        534,0,      1052
        534,0,      1053
        534,0,      1054
        534,0,      1055
        534,0,      1056
        534,0,      1057
        534,0,      1058
        534,0,      1059
        534,0,      1060
        534,0,      1061
        534,0,      1062
        534,0,      1063
        534,0,      1064
        534,0,      1065
        534,0,      1066
        534,0,      1067
        534,0,      1068
        534,0,      1069
        534,0,      1070
        534,0,      1071
        534,0,      1072
        534,0,      1073
        534,0,      1074
        534,0,      1075
        534,0,      1076
        534,0,      1077
        534,0,      1078
        534,0,      1079
        534,0,      1080
        534,0,      1081
        534,0,      1082
        534,0,      1083
        534,0,      1084
        534,0,      1085
        534,0,      1086
        534,0,      1087
        534,0,      1088
        534,0,      1089
        534,0,      1090
        534,0,      1091
        534,0,      1092
        534,0,      1093
        534,0,      1094
        534,0,      1095
        534,0,      1096
        534,0,      1097
        534,0,      1098
        534,0,      1099
        534,0,      1100
        534,0,      1101
        534,0,      1102
        534,0,      1103
        534,0,      1104
        534,0,      1105
        534,0,      1106
        534,0,      1107
        534,0,      1108
        534,0,      1109
        534,0,      1110
        534,0,      1111
        534,0,      1112
        534,0,      1113
        534,0,      1114
        534,0,      1115
        534,0,      1116
        534,0,      1117
        534,0,      1118
        534,0,      1119
        534,0,      1120
        534,0,      1121
        534,0,      1122
        534,0,      1123
        534,0,      1124
        534,0,      1125
        534,0,      1126
        534,0,      1127
        534,0,      1128
        534,0,      1129
        534,0,      1130
        534,0,      1131
        534,0,      1132
        534,0,      1133
        534,0,      1134
        534,0,      1135
        534,0,      1136
        534,0,      1137
        534,0,      1138
        534,0,      1139
        534,0,      1140
        534,0,      1141
        534,0,      1142
        534,0,      1143
        534,0,      1144
        534,0,      1145
        534,0,      1146
        534,0,      1147
        534,0,      1148
        534,0,      1149
        534,0,      1150
        534,0,      1151
        534,0,      1152
        534,0,      1153
        534,0,      1154
        534,0,      1155
        534,0,      1156
        534,0,      1157
        534,0,      1158
        534,0,      1159
        534,0,      1160
        534,0,      1161
        534,0,      1162
        534,0,      1163
        534,0,      1164
        534,0,      1165
        534,0,      1166
        534,0,      1167
        534,0,      1168
        534,0,      1169
        534,0,      1170
        534,0,      1171
        534,0,      1172
        534,0,      1173
        534,0,      1174
        534,0,      1175
        534,0,      1176
        534,0,      1177
        534,0,      1178
        534,0,      1179
        534,0,      1180
        534,0,      1181
        534,0,      1182
        534,0,      1183
        534,0,      1184
        534,0,      1185
        534,0,      1186
        534,0,      1187
        534,0,      1188
        534,0,      1189
        534,0,      1190
        534,0,      1191
        534,0,      1192
        534,0,      1193
        534,0,      1194
        534,0,      1195
        534,0,      1196
        534,0,      1197
        534,0,      1198
        534,0,      1199
        534,0,      1200
        534,0,      1201
        534,0,      1202
        534,0,      1203
        534,0,      1204
        534,0,      1205
        534,0,      1206
        534,0,      1207
        534,0,      1208
        534,0,      1209
        534,0,      1210
        534,0,      1211
        534,0,      1212
        534,0,      1213
        534,0,      1214
        534,0,      1215
        534,0,      1216
        534,0,      1217
        534,0,      1218
        534,0,      1219
        534,0,      1220
        534,0,      1221
        534,0,      1222
        534,0,      1223
        534,0,      1224
        534,0,      1225
        534,0,      1226
        534,0,      1227
        534,0,      1228
        534,0,      1229
        534,0,      1230
        534,0,      1231
        534,0,      1232
        534,0,      1233
        534,0,      1234
        534,0,      1235
        534,0,      1236
        534,0,      1237
        534,0,      1238
        534,0,      1239
        534,0,      1240
        534,0,      1241
        534,0,      1242
        534,0,      1243
        534,0,      1244
        534,0,      1245
        534,0,      1246
        534,0,      1247
        534,0,      1248
        534,0,      1249
        534,0,      1250
        534,0,      1251
        534,0,      1252
        534,0,      1253
        534,0,      1254
        534,0,      1255
        534,0,      1256
        534,0,      1257
        534,0,      1258
        534,0,      1259
        534,0,      1260
        534,0,      1261
        534,0,      1262
        534,0,      1263
        534,0,      1264
        534,0,      1265
        534,0,      1266
        534,0,      1267
        534,0,      1268
        534,0,      1269
        534,0,      1270
        534,0,      1271
        534,0,      1272
        534,0,      1273
        534,0,      1274
        534,0,      1275
        534,0,      1276
        534,0,      1277
        534,0,      1278
        534,0,      1279
        534,0,      1280
        534,0,      1281
        534,0,      1282
        534,0,      1283
        534,0,      1284
        534,0,      1285
        534,0,      1286
        534,0,      1287
        534,0,      1288
        534,0,      1289
        534,0,      1290
        534,0,      1291
        534,0,      1292
        534,0,      1293
        534,0,      1294
        534,0,      1295
        534,0,      1296
        534,0,      1297
        534,0,      1298
        534,0,      1299
        534,0,      1300
        534,0,      1301
        534,0,      1302
        534,0,      1303
        534,0,      1304
        534,0,      1305
        534,0,      1306
        534,0,      1307
        534,0,      1308
        534,0,      1309
        534,0,      1310
        534,0,      1311
        534,0,      1312
        534,0,      1313
        534,0,      1314
        534,0,      1315
        534,0,      1316
        534,0,      1317
        534,0,      1318
        534,0,      1319
        534,0,      1320
        534,0,      1321
        534,0,      1322
        534,0,      1323
        534,0,      1324
        534,0,      1325
        534,0,      1326
        534,0,      1327
        534,0,      1328
        534,0,      1329
        534,0,      1330
        534,0,      1331
        534,0,      1332
        535,0,      1333
        535,0,      1334
        535,0,      1335
        535,0,      1336
        535,0,      1337
        535,0,      1338
        535,0,      1339
        535,0,      1340
        535,0,      1341
        535,0,      1342
        535,0,      1343
        535,0,      1344
        535,0,      1345
        535,0,      1346
        535,0,      1347
        535,0,      1348
        535,0,      1349
        536,0,      1350
        536,0,      1351
        536,0,      1352
        536,0,      1353
        536,0,      1354
        536,0,      1355
        536,0,      1356
        537,0,      1357
        537,0,      1358
        537,0,      1359
        537,0,      1360
        537,0,      1361
        537,0,      1362
        538,0,      1363
        538,0,      1364
        538,0,      1365
        538,0,      1366
        539,0,      1367
        539,0,      1368
        539,0,      1369
        539,0,      1370
        540,0,      1371
        540,0,      1372
        540,0,      1373
        540,0,      1374
        541,0,      1375
        541,0,      1376
        541,0,      1377
        542,0,      1378
        542,0,      1379
        542,0,      1380
        543,0,      1381
        543,0,      1382
        543,0,      1383
        544,0,      1384
        544,0,      1385
        544,0,      1386
        545,0,      1387
        545,0,      1388
        545,0,      1389
        545,0,      1390
        546,0,      1391
        546,0,      1392
        546,0,      1393
        546,0,      1394
        546,0,      1395
        546,0,      1396
        546,0,      1397
        546,0,      1398
        546,0,      1399
        547,0,      1400
        547,0,      1401
        547,0,      1402
        547,0,      1403
        547,0,      1404
        547,0,      1405
        547,0,      1406
        547,0,      1407
        547,0,      1408
        547,0,      1409
        547,0,      1410
        547,0,      1411
        547,0,      1412
        547,0,      1413
        547,0,      1414
        546,0,      1415
        546,0,      1416
        546,0,      1417
        546,0,      1418
        546,0,      1419
        545,0,      1420
        545,0,      1421
        544,0,      1422
        544,0,      1423
        543,0,      1424
        542,0,      1425
        541,0,      1426
        539,0,      1427
        538,0,      1428
        536,0,      1429
        534,0,      1430
        532,0,      1431
        529,0,      1432
        526,0,      1433
        523,0,      1434
        519,0,      1435
        515,0,      1436
        510,0,      1437
        505,0,      1438
        499,0,      1439
        492,0,      1440
        485,0,      1441
        477,0,      1442
        469,0,      1443
        461,0,      1444
        452,0,      1445
        442,0,      1446
        433,0,      1447
        423,0,      1448
        413,0,      1449
        402,0,      1450
        392,0,      1451
        381,0,      1452
        372,0,      1453
        362,0,      1454
        352,0,      1455
        342,0,      1456
        332,0,      1457
        323,0,      1458
        313,0,      1459
        304,0,      1460
        294,0,      1461
        285,0,      1462
        277,0,      1463
        269,0,      1464
        261,0,      1465
        253,0,      1466
        245,0,      1467
        238,0,      1468
        232,0,      1469
        225,0,      1470
        219,0,      1471
        213,0,      1472
        207,0,      1473
        202,0,      1474
        198,0,      1475
        193,0,      1476
        190,0,      1477
        186,0,      1478
        183,0,      1479
        180,0,      1480
        178,0,      1481
        176,0,      1482
        174,0,      1483
        173,0,      1484
        172,0,      1485
        171,0,      1486
        171,0,      1487
        171,0,      1488
        171,0,      1489
        171,0,      1490
        170,0,      1491
        170,0,      1492
        170,0,      1493
        170,0,      1494
        170,0,      1495
        170,0,      1496
        170,0,      1497
        170,0,      1498
        170,0,      1499
        170,0,      1500
        170,0,      1501
        170,0,      1502
        170,0,      1503
        170,0,      1504
        170,0,      1505
        171,0,      1506
        171,0,      1507
        171,0,      1508
        171,0,      1509
        171,0,      1510
        171,0,      1511
        171,0,      1512
        171,0,      1513
        171,0,      1514
        171,0,      1515
        171,0,      1516
        171,0,      1517
        171,0,      1518
        171,0,      1519
        171,0,      1520
        171,0,      1521
        171,0,      1522
        171,0,      1523
        171,0,      1524
        171,0,      1525
        171,0,      1526
        171,0,      1527
        172,0,      1528
        172,0,      1529
        172,0,      1530
        173,0,      1531
        173,0,      1532
        174,0,      1533
        175,0,      1534
        175,0,      1535
        176,0,      1536
        177,0,      1537
        178,0,      1538
        180,0,      1539
        181,0,      1540
        183,0,      1541
        184,0,      1542
        186,0,      1543
        188,0,      1544
        189,0,      1545
        191,0,      1546
        193,0,      1547
        195,0,      1548
        197,0,      1549
        199,0,      1550
        201,0,      1551
        203,0,      1552
        205,0,      1553
        206,0,      1554
        208,0,      1555
        210,0,      1556
        211,0,      1557
        213,0,      1558
        214,0,      1559
        215,0,      1560
        217,0,      1561
        218,0,      1562
        219,0,      1563
        220,0,      1564
        221,0,      1565
        222,0,      1566
        222,0,      1567
        223,0,      1568
        224,0,      1569
        225,0,      1570
        225,0,      1571
        226,0,      1572
        226,0,      1573
        226,0,      1574
        227,0,      1575
        227,0,      1576
        228,0,      1577
        228,0,      1578
        228,0,      1579
        228,0,      1580
        229,0,      1581
        229,0,      1582
        229,0,      1583
        229,0,      1584
        229,0,      1585
        229,0,      1586
        229,0,      1587
        229,0,      1588
        229,0,      1589
        229,0,      1590
        229,0,      1591
        230,0,      1592
        230,0,      1593
        230,0,      1594
        230,0,      1595
        230,0,      1596
        230,0,      1597
        230,0,      1598
        230,0,      1599
        230,0,      1600
        230,0,      1601
        230,0,      1602
        230,0,      1603
        230,0,      1604
        230,0,      1605
        230,0,      1606
        230,0,      1607
        230,0,      1608
        230,0,      1609
        230,0,      1610
        230,0,      1611
        230,0,      1612
        230,0,      1613
        230,0,      1614
        230,0,      1615
        230,0,      1616
        230,0,      1617
        230,0,      1618
        230,0,      1619
        230,0,      1620
        230,0,      1621
        230,0,      1622
        230,0,      1623
        230,0,      1624
        230,0,      1625
        230,0,      1626
        230,0,      1627
        230,0,      1628
        230,0,      1629
        230,0,      1630
        230,0,      1631
        230,0,      1632
        230,0,      1633
        230,0,      1634
        230,0,      1635
        230,0,      1636
        230,0,      1637
        230,0,      1638
        230,0,      1639
        230,0,      1640
        230,0,      1641
        230,0,      1642
        230,0,      1643
        230,0,      1644
        230,0,      1645
        230,0,      1646
        230,0,      1647
        230,0,      1648
        230,0,      1649
        230,0,      1650
        230,0,      1651
        230,0,      1652
        230,0,      1653
        230,0,      1654
        230,0,      1655
        230,0,      1656
        230,0,      1657
        230,0,      1658
        230,0,      1659
        230,0,      1660
        230,0,      1661
        230,0,      1662
        230,0,      1663
        230,0,      1664
        230,0,      1665
        230,0,      1666
        230,0,      1667
        230,0,      1668
        230,0,      1669
        230,0,      1670
        230,0,      1671
        230,0,      1672
        230,0,      1673
        230,0,      1674
        230,0,      1675
        230,0,      1676
        230,0,      1677
        230,0,      1678
        230,0,      1679
        230,0,      1680
        230,0,      1681
        230,0,      1682
        230,0,      1683
        230,0,      1684
        230,0,      1685
        230,0,      1686
        230,0,      1687
        230,0,      1688
        230,0,      1689
        230,0,      1690
        230,0,      1691
        230,0,      1692
        230,0,      1693
        230,0,      1694
        230,0,      1695
        230,0,      1696
        230,0,      1697
        230,0,      1698
        230,0,      1699
        230,0,      1700
        230,0,      1701
        230,0,      1702
        230,0,      1703
        230,0,      1704
        230,0,      1705
        230,0,      1706
        230,0,      1707
        230,0,      1708
        230,0,      1709
        230,0,      1710
        230,0,      1711
        230,0,      1712
        230,0,      1713
        230,0,      1714
        230,0,      1715
        230,0,      1716
        230,0,      1717
        230,0,      1718
        230,0,      1719
        230,0,      1720
        230,0,      1721
        230,0,      1722
        230,0,      1723
        230,0,      1724
        230,0,      1725
        230,0,      1726
        230,0,      1727
        230,0,      1728
        230,0,      1729
        230,0,      1730
        230,0,      1731
        230,0,      1732
        230,0,      1733
        230,0,      1734
        230,0,      1735
        230,0,      1736
        230,0,      1737
        230,0,      1738
        230,0,      1739
        230,0,      1740
        230,0,      1741
        230,0,      1742
        230,0,      1743
        230,0,      1744
        230,0,      1745
        230,0,      1746
        230,0,      1747
        230,0,      1748
        230,0,      1749
        230,0,      1750
        230,0,      1751
        230,0,      1752
        230,0,      1753
        230,0,      1754
        230,0,      1755
        230,0,      1756
        230,0,      1757
        230,0,      1758
        230,0,      1759
        230,0,      1760
        230,0,      1761
        230,0,      1762
        230,0,      1763
        230,0,      1764
        230,0,      1765
        230,0,      1766
        230,0,      1767
        230,0,      1768
        230,0,      1769
        230,0,      1770
        230,0,      1771
        230,0,      1772
        230,0,      1773
        230,0,      1774
        230,0,      1775
        230,0,      1776
        230,0,      1777
        230,0,      1778
        230,0,      1779
        230,0,      1780
        230,0,      1781
        230,0,      1782
        230,0,      1783
        230,0,      1784
        230,0,      1785
        230,0,      1786
        230,0,      1787
        230,0,      1788
        230,0,      1789
        230,0,      1790
        230,0,      1791
        230,0,      1792
        230,0,      1793
        230,0,      1794
        230,0,      1795
        230,0,      1796
        230,0,      1797
        230,0,      1798
        230,0,      1799
        230,0,      1800
        230,0,      1801
        230,0,      1802
        230,0,      1803
        230,0,      1804
        230,0,      1805
        230,0,      1806
        230,0,      1807
        230,0,      1808
        230,0,      1809
        230,0,      1810
        230,0,      1811
        230,0,      1812
        230,0,      1813
        230,0,      1814
        230,0,      1815
        230,0,      1816
        230,0,      1817
        230,0,      1818
        230,0,      1819
        230,0,      1820
        230,0,      1821
        230,0,      1822
        230,0,      1823
        230,0,      1824
        230,0,      1825
        230,0,      1826
        230,0,      1827
        230,0,      1828
        230,0,      1829
        230,0,      1830
        230,0,      1831
        230,0,      1832
        230,0,      1833
        230,0,      1834
        230,0,      1835
        230,0,      1836
        230,0,      1837
        230,0,      1838
        230,0,      1839
        230,0,      1840
        230,0,      1841
        230,0,      1842
        230,0,      1843
        230,0,      1844
        230,0,      1845
        230,0,      1846
        230,0,      1847
        230,0,      1848
        230,0,      1849
        230,0,      1850
        230,0,      1851
        230,0,      1852
        230,0,      1853
        230,0,      1854
        230,0,      1855
        230,0,      1856
        230,0,      1857
        230,0,      1858
        230,0,      1859
        230,0,      1860
        230,0,      1861
        230,0,      1862
        230,0,      1863
        230,0,      1864
        230,0,      1865
        230,0,      1866
        230,0,      1867
        230,0,      1868
        230,0,      1869
        230,0,      1870
        230,0,      1871
        230,0,      1872
        230,0,      1873
        230,0,      1874
        230,0,      1875
        230,0,      1876
        230,0,      1877
        230,0,      1878
        230,0,      1879
        230,0,      1880
        230,0,      1881
        230,0,      1882
        230,0,      1883
        230,0,      1884
        230,0,      1885
        230,0,      1886
        230,0,      1887
        230,0,      1888
        230,0,      1889
        230,0,      1890
        230,0,      1891
        230,0,      1892
        230,0,      1893
        230,0,      1894
        230,0,      1895
        230,0,      1896
        230,0,      1897
        230,0,      1898
        230,0,      1899
        230,0,      1900
        230,0,      1901
        230,0,      1902
        230,0,      1903
        230,0,      1904
        230,0,      1905
        230,0,      1906
        230,0,      1907
        230,0,      1908
        230,0,      1909
        230,0,      1910
        230,0,      1911
        230,0,      1912
        230,0,      1913
        230,0,      1914
        230,0,      1915
        230,0,      1916
        230,0,      1917
        230,0,      1918
        229,0,      1919
        229,0,      1920
        229,0,      1921
        229,0,      1922
        229,0,      1923
        229,0,      1924
        229,0,      1925
        229,0,      1926
        229,0,      1927
        229,0,      1928
        229,0,      1929
        229,0,      1930
        229,0,      1931
        229,0,      1932
        229,0,      1933
        229,0,      1934
        229,0,      1935
        229,0,      1936
        229,0,      1937
        229,0,      1938
        229,0,      1939
        229,0,      1940
        229,0,      1941
        229,0,      1942
        229,0,      1943
        229,0,      1944
        229,0,      1945
        229,0,      1946
        229,0,      1947
        229,0,      1948
        229,0,      1949
        229,0,      1950
        229,0,      1951
        229,0,      1952
        229,0,      1953
        229,0,      1954
        229,0,      1955
        229,0,      1956
        229,0,      1957
        229,0,      1958
        229,0,      1959
        229,0,      1960
        229,0,      1961
        229,0,      1962
        229,0,      1963
        229,0,      1964
        229,0,      1965
        229,0,      1966
        229,0,      1967
        229,0,      1968
        229,0,      1969
        229,0,      1970
        229,0,      1971
        229,0,      1972
        229,0,      1973
        229,0,      1974
        229,0,      1975
        229,0,      1976
        229,0,      1977
        229,0,      1978
        229,0,      1979
        229,0,      1980
        229,0,      1981
        229,0,      1982
        229,0,      1983
        229,0,      1984
        229,0,      1985
        229,0,      1986
        229,0,      1987
        229,0,      1988
        229,0,      1989
        229,0,      1990
        229,0,      1991
        229,0,      1992
        229,0,      1993
        229,0,      1994
        229,0,      1995
        229,0,      1996
        229,0,      1997
        229,0,      1998
        229,0,      1999
        229,0,      2000
        229,0,      2001
        229,0,      2002
        229,0,      2003
        229,0,      2004
        229,0,      2005
        229,0,      2006
        229,0,      2007
        229,0,      2008
        229,0,      2009
        229,0,      2010
        229,0,      2011
        229,0,      2012
        229,0,      2013
        229,0,      2014
        229,0,      2015
        229,0,      2016
        229,0,      2017
        229,0,      2018
        229,0,      2019
        229,0,      2020
        229,0,      2021
        229,0,      2022
        229,0,      2023
        229,0,      2024
        229,0,      2025
        229,0,      2026
        229,0,      2027
        229,0,      2028
        229,0,      2029
        229,0,      2030
        229,0,      2031
        229,0,      2032
        229,0,      2033
        229,0,      2034
        229,0,      2035
        229,0,      2036
        229,0,      2037
        229,0,      2038
        229,0,      2039
        229,0,      2040
        229,0,      2041
        229,0,      2042
        229,0,      2043
        229,0,      2044
        229,0,      2045
        229,0,      2046
        229,0,      2047
        229,0,      2048
        229,0,      2049
        229,0,      2050
        229,0,      2051
        229,0,      2052
        229,0,      2053
        229,0,      2054
        229,0,      2055
        229,0,      2056
        228,0,      2057
        228,0,      2058
        228,0,      2059
        228,0,      2060
        228,0,      2061
        228,0,      2062
        228,0,      2063
        228,0,      2064
        228,0,      2065
        228,0,      2066
        228,0,      2067
        228,0,      2068
        228,0,      2069
        228,0,      2070
        228,0,      2071
        228,0,      2072
        228,0,      2073
        228,0,      2074
        228,0,      2075
        228,0,      2076
        228,0,      2077
        228,0,      2078
        228,0,      2079
        228,0,      2080
        228,0,      2081
        228,0,      2082
        228,0,      2083
        228,0,      2084
        228,0,      2085
        228,0,      2086
        228,0,      2087
        228,0,      2088
        228,0,      2089
        228,0,      2090
        228,0,      2091
        228,0,      2092
        228,0,      2093
        228,0,      2094
        228,0,      2095
        228,0,      2096
        228,0,      2097
        228,0,      2098
        228,0,      2099
        228,0,      2100
        228,0,      2101
        228,0,      2102
        228,0,      2103
        228,0,      2104
        228,0,      2105
        228,0,      2106
        228,0,      2107
        228,0,      2108
        228,0,      2109
        228,0,      2110
        228,0,      2111
        228,0,      2112
        228,0,      2113
        228,0,      2114
        228,0,      2115
        228,0,      2116
        228,0,      2117
        228,0,      2118
        228,0,      2119
        228,0,      2120
        228,0,      2121
        228,0,      2122
        228,0,      2123
        228,0,      2124
        228,0,      2125
        228,0,      2126
        228,0,      2127
        228,0,      2128
        228,0,      2129
        228,0,      2130
        228,0,      2131
        228,0,      2132
        228,0,      2133
        228,0,      2134
        228,0,      2135
        228,0,      2136
        228,0,      2137
        228,0,      2138
        228,0,      2139
        228,0,      2140
        228,0,      2141
        228,0,      2142
        228,0,      2143
        228,0,      2144
        228,0,      2145
        228,0,      2146
        228,0,      2147
        228,0,      2148
        228,0,      2149
        228,0,      2150
        228,0,      2151
        228,0,      2152
        228,0,      2153
        228,0,      2154
        228,0,      2155
        228,0,      2156
        228,0,      2157
        228,0,      2158
        228,0,      2159
        228,0,      2160
        228,0,      2161
        228,0,      2162
        228,0,      2163
        228,0,      2164
        228,0,      2165
        228,0,      2166
        228,0,      2167
        228,0,      2168
        228,0,      2169
        228,0,      2170
        228,0,      2171
        228,0,      2172
        228,0,      2173
        228,0,      2174
        228,0,      2175
        228,0,      2176
        228,0,      2177
        228,0,      2178
        227,0,      2179
        227,0,      2180
        227,0,      2181
        227,0,      2182
        227,0,      2183
        227,0,      2184
        227,0,      2185
        227,0,      2186
        227,0,      2187
        227,0,      2188
        227,0,      2189
        227,0,      2190
        227,0,      2191
        227,0,      2192
        227,0,      2193
        227,0,      2194
        227,0,      2195
        227,0,      2196
        227,0,      2197
        227,0,      2198
        227,0,      2199
        227,0,      2200
        227,0,      2201
        227,0,      2202
        227,0,      2203
        227,0,      2204
        227,0,      2205
        227,0,      2206
        227,0,      2207
        227,0,      2208
        227,0,      2209
        227,0,      2210
        227,0,      2211
        227,0,      2212
        227,0,      2213
        227,0,      2214
        227,0,      2215
        227,0,      2216
        227,0,      2217
        227,0,      2218
        227,0,      2219
        227,0,      2220
        227,0,      2221
        227,0,      2222
        227,0,      2223
        227,0,      2224
        227,0,      2225
        227,0,      2226
        227,0,      2227
        227,0,      2228
        227,0,      2229
        227,0,      2230
        227,0,      2231
        227,0,      2232
        227,0,      2233
        227,0,      2234
        227,0,      2235
        227,0,      2236
        227,0,      2237
        227,0,      2238
        227,0,      2239
        227,0,      2240
        227,0,      2241
        227,0,      2242
        227,0,      2243
        227,0,      2244
        226,0,      2245
        226,0,      2246
        226,0,      2247
        226,0,      2248
        226,0,      2249
        226,0,      2250
        226,0,      2251
        226,0,      2252
        226,0,      2253
        226,0,      2254
        226,0,      2255
        226,0,      2256
        226,0,      2257
        226,0,      2258
        226,0,      2259
        226,0,      2260
        226,0,      2261
        226,0,      2262
        226,0,      2263
        226,0,      2264
        226,0,      2265
        226,0,      2266
        226,0,      2267
        226,0,      2268
        226,0,      2269
        226,0,      2270
        226,0,      2271
        226,0,      2272
        226,0,      2273
        226,0,      2274
        226,0,      2275
        226,0,      2276
        226,0,      2277
        226,0,      2278
        226,0,      2279
        226,0,      2280
        226,0,      2281
        226,0,      2282
        226,0,      2283
        226,0,      2284
        226,0,      2285
        226,0,      2286
        226,0,      2287
        226,0,      2288
        226,0,      2289
        226,0,      2290
        226,0,      2291
        226,0,      2292
        226,0,      2293
        226,0,      2294
        226,0,      2295
        226,0,      2296
        226,0,      2297
        226,0,      2298
        226,0,      2299
        226,0,      2300
        226,0,      2301
        226,0,      2302
        226,0,      2303
        226,0,      2304
        226,0,      2305
        226,0,      2306
        226,0,      2307
        226,0,      2308
        226,0,      2309
        226,0,      2310
        226,0,      2311
        226,0,      2312
        226,0,      2313
        226,0,      2314
        226,0,      2315
        226,0,      2316
        226,0,      2317
        226,0,      2318
        226,0,      2319
        226,0,      2320
        226,0,      2321
        226,0,      2322
        226,0,      2323
        226,0,      2324
        226,0,      2325
        226,0,      2326
        226,0,      2327
        226,0,      2328
        226,0,      2329
        226,0,      2330
        226,0,      2331
        226,0,      2332
        226,0,      2333
        226,0,      2334
        226,0,      2335
        226,0,      2336
        226,0,      2337
        226,0,      2338
        226,0,      2339
        226,0,      2340
        226,0,      2341
        226,0,      2342
        226,0,      2343
        226,0,      2344
        226,0,      2345
        226,0,      2346
        226,0,      2347
        226,0,      2348
        226,0,      2349
        226,0,      2350
        226,0,      2351
        226,0,      2352
        226,0,      2353
        226,0,      2354
        226,0,      2355
        226,0,      2356
        226,0,      2357
        226,0,      2358
        226,0,      2359
        226,0,      2360
        226,0,      2361
        226,0,      2362
        226,0,      2363
        226,0,      2364
        226,0,      2365
        226,0,      2366
        226,0,      2367
        226,0,      2368
        226,0,      2369
        226,0,      2370
        226,0,      2371
        226,0,      2372
        226,0,      2373
        226,0,      2374
        226,0,      2375
        226,0,      2376
        226,0,      2377
        226,0,      2378
        226,0,      2379
        226,0,      2380
        226,0,      2381
        226,0,      2382
        226,0,      2383
        226,0,      2384
        226,0,      2385
        226,0,      2386
        226,0,      2387
        226,0,      2388
        226,0,      2389
        226,0,      2390
        226,0,      2391
        226,0,      2392
        226,0,      2393
        226,0,      2394
        226,0,      2395
        226,0,      2396
        226,0,      2397
        226,0,      2398
        226,0,      2399
        226,0,      2400
        226,0,      2401
        226,0,      2402
        226,0,      2403
        226,0,      2404
        226,0,      2405
        225,0,      2406
        225,0,      2407
        225,0,      2408
        225,0,      2409
        225,0,      2410
        225,0,      2411
        225,0,      2412
        225,0,      2413
        225,0,      2414
        225,0,      2415
        225,0,      2416
        225,0,      2417
        225,0,      2418
        225,0,      2419
        225,0,      2420
        225,0,      2421
        225,0,      2422
        225,0,      2423
        225,0,      2424
        225,0,      2425
        225,0,      2426
        225,0,      2427
        225,0,      2428
        225,0,      2429
        225,0,      2430
        225,0,      2431
        225,0,      2432
        225,0,      2433
        225,0,      2434
        225,0,      2435
        225,0,      2436
        225,0,      2437
        225,0,      2438
        225,0,      2439
        225,0,      2440
        225,0,      2441
        225,0,      2442
        225,0,      2443
        225,0,      2444
        225,0,      2445
        225,0,      2446
        225,0,      2447
        225,0,      2448
        225,0,      2449
        225,0,      2450
        225,0,      2451
        225,0,      2452
        225,0,      2453
        225,0,      2454
        225,0,      2455
        225,0,      2456
        225,0,      2457
        225,0,      2458
        225,0,      2459
        225,0,      2460
        225,0,      2461
        225,0,      2462
        225,0,      2463
        225,0,      2464
        225,0,      2465
        225,0,      2466
        225,0,      2467
        225,0,      2468
        225,0,      2469
        225,0,      2470
        225,0,      2471
        225,0,      2472
        225,0,      2473
        225,0,      2474
        225,0,      2475
        225,0,      2476
        225,0,      2477
        225,0,      2478
        225,0,      2479
        225,0,      2480
        225,0,      2481
        225,0,      2482
        225,0,      2483
        225,0,      2484
        225,0,      2485
        225,0,      2486
        225,0,      2487
        225,0,      2488
        225,0,      2489
        225,0,      2490
        225,0,      2491
        225,0,      2492
        225,0,      2493
        225,0,      2494
        225,0,      2495
        225,0,      2496
        225,0,      2497
        225,0,      2498
        225,0,      2499
        225,0,      2500
        225,0,      2501
        225,0,      2502
        225,0,      2503
        225,0,      2504
        225,0,      2505
        225,0,      2506
        225,0,      2507
        225,0,      2508
        225,0,      2509
        225,0,      2510
        225,0,      2511
        225,0,      2512
        225,0,      2513
        225,0,      2514
        225,0,      2515
        225,0,      2516
        225,0,      2517
        225,0,      2518
        225,0,      2519
        225,0,      2520
        225,0,      2521
        225,0,      2522
        225,0,      2523
        225,0,      2524
        225,0,      2525
        225,0,      2526
        225,0,      2527
        225,0,      2528
        225,0,      2529
        225,0,      2530
        225,0,      2531
        224,0,      2532
        224,0,      2533
        224,0,      2534
        224,0,      2535
        224,0,      2536
        224,0,      2537
        224,0,      2538
        224,0,      2539
        224,0,      2540
        224,0,      2541
        224,0,      2542
        224,0,      2543
        224,0,      2544
        224,0,      2545
        224,0,      2546
        224,0,      2547
        224,0,      2548
        224,0,      2549
        224,0,      2550
        224,0,      2551
        224,0,      2552
        224,0,      2553
        224,0,      2554
        224,0,      2555
        224,0,      2556
        224,0,      2557
        224,0,      2558
        224,0,      2559
        224,0,      2560
        224,0,      2561
        224,0,      2562
        224,0,      2563
        224,0,      2564
        224,0,      2565
        224,0,      2566
        224,0,      2567
        224,0,      2568
        224,0,      2569
        224,0,      2570
        224,0,      2571
        224,0,      2572
        224,0,      2573
        224,0,      2574
        224,0,      2575
        224,0,      2576
        224,0,      2577
        224,0,      2578
        224,0,      2579
        224,0,      2580
        224,0,      2581
        224,0,      2582
        224,0,      2583
        224,0,      2584
        224,0,      2585
        224,0,      2586
        224,0,      2587
        224,0,      2588
        224,0,      2589
        224,0,      2590
        224,0,      2591
        224,0,      2592
        224,0,      2593
        224,0,      2594
        224,0,      2595
        224,0,      2596
        224,0,      2597
        224,0,      2598
        224,0,      2599
        224,0,      2600
        224,0,      2601
        224,0,      2602
        224,0,      2603
        224,0,      2604
        224,0,      2605
        224,0,      2606
        224,0,      2607
        224,0,      2608
        224,0,      2609
        224,0,      2610
        224,0,      2611
        224,0,      2612
        224,0,      2613
        224,0,      2614
        224,0,      2615
        224,0,      2616
        224,0,      2617
        224,0,      2618
        224,0,      2619
        224,0,      2620
        224,0,      2621
        224,0,      2622
        224,0,      2623
        224,0,      2624
        224,0,      2625
        224,0,      2626
        224,0,      2627
        224,0,      2628
        224,0,      2629
        224,0,      2630
        224,0,      2631
        224,0,      2632
        224,0,      2633
        224,0,      2634
        224,0,      2635
        224,0,      2636
        224,0,      2637
        224,0,      2638
        224,0,      2639
        224,0,      2640
        224,0,      2641
        224,0,      2642
        224,0,      2643
        224,0,      2644
        224,0,      2645
        224,0,      2646
        224,0,      2647
        224,0,      2648
        224,0,      2649
        224,0,      2650
        224,0,      2651
        224,0,      2652
        224,0,      2653
        224,0,      2654
        224,0,      2655
        224,0,      2656
        224,0,      2657
        224,0,      2658
        224,0,      2659
        224,0,      2660
        224,0,      2661
        224,0,      2662
        224,0,      2663
        224,0,      2664
        224,0,      2665
        224,0,      2666
        224,0,      2667
        224,0,      2668
        224,0,      2669
        224,0,      2670
        224,0,      2671
        224,0,      2672
        224,0,      2673
        224,0,      2674
        224,0,      2675
        224,0,      2676
        224,0,      2677
        224,0,      2678
        224,0,      2679
        224,0,      2680
        224,0,      2681
        224,0,      2682
        224,0,      2683
        224,0,      2684
        224,0,      2685
        224,0,      2686
        224,0,      2687
        224,0,      2688
        224,0,      2689
        224,0,      2690
        224,0,      2691
        224,0,      2692
        224,0,      2693
        224,0,      2694
        224,0,      2695
        224,0,      2696
        224,0,      2697
        224,0,      2698
        224,0,      2699
        224,0,      2700
        224,0,      2701
        224,0,      2702
        224,0,      2703
        224,0,      2704
        224,0,      2705
        224,0,      2706
        224,0,      2707
        224,0,      2708
        224,0,      2709
        224,0,      2710
        224,0,      2711
        224,0,      2712
        224,0,      2713
        224,0,      2714
        224,0,      2715
        224,0,      2716
        224,0,      2717
        224,0,      2718
        224,0,      2719
        224,0,      2720
        224,0,      2721
        224,0,      2722
        224,0,      2723
        224,0,      2724
        224,0,      2725
        224,0,      2726
        224,0,      2727
        224,0,      2728
        224,0,      2729
        224,0,      2730
        224,0,      2731
        224,0,      2732
        224,0,      2733
        224,0,      2734
        224,0,      2735
        224,0,      2736
        224,0,      2737
        224,0,      2738
        224,0,      2739
        224,0,      2740
        224,0,      2741
        224,0,      2742
        224,0,      2743
        224,0,      2744
        224,0,      2745
        224,0,      2746
        224,0,      2747
        224,0,      2748
        224,0,      2749
        224,0,      2750
        224,0,      2751
        224,0,      2752
        224,0,      2753
        224,0,      2754
        224,0,      2755
        224,0,      2756
        224,0,      2757
        224,0,      2758
        224,0,      2759
        224,0,      2760
        224,0,      2761
        224,0,      2762
        224,0,      2763
        224,0,      2764
        224,0,      2765
        224,0,      2766
        224,0,      2767
        224,0,      2768
        224,0,      2769
        224,0,      2770
        224,0,      2771
        224,0,      2772
        224,0,      2773
        224,0,      2774
        224,0,      2775
        224,0,      2776
        224,0,      2777
        224,0,      2778
        224,0,      2779
        224,0,      2780
        224,0,      2781
        223,0,      2782
        223,0,      2783
        223,0,      2784
        223,0,      2785
        223,0,      2786
        223,0,      2787
        223,0,      2788
        223,0,      2789
        223,0,      2790
        223,0,      2791
        223,0,      2792
        223,0,      2793
        223,0,      2794
        223,0,      2795
        223,0,      2796
        223,0,      2797
        223,0,      2798
        223,0,      2799
        223,0,      2800
        223,0,      2801
        223,0,      2802
        223,0,      2803
        223,0,      2804
        223,0,      2805
        223,0,      2806
        223,0,      2807
        223,0,      2808
        223,0,      2809
        223,0,      2810
        223,0,      2811
        223,0,      2812
        223,0,      2813
        223,0,      2814
        223,0,      2815
        223,0,      2816
        223,0,      2817
        223,0,      2818
        223,0,      2819
        223,0,      2820
        223,0,      2821
        223,0,      2822
        223,0,      2823
        223,0,      2824
        223,0,      2825
        223,0,      2826
        223,0,      2827
        223,0,      2828
        223,0,      2829
        223,0,      2830
        223,0,      2831
        223,0,      2832
        223,0,      2833
        223,0,      2834
        223,0,      2835
        223,0,      2836
        223,0,      2837
        223,0,      2838
        223,0,      2839
        223,0,      2840
        223,0,      2841
        223,0,      2842
        223,0,      2843
        223,0,      2844
        223,0,      2845
        223,0,      2846
        223,0,      2847
        223,0,      2848
        223,0,      2849
        223,0,      2850
        223,0,      2851
        223,0,      2852
        223,0,      2853
        223,0,      2854
        223,0,      2855
        223,0,      2856
        223,0,      2857
        223,0,      2858
        223,0,      2859
        223,0,      2860
        223,0,      2861
        223,0,      2862
        223,0,      2863
        223,0,      2864
        223,0,      2865
        223,0,      2866
        223,0,      2867
        223,0,      2868
        223,0,      2869
        223,0,      2870
        223,0,      2871
        223,0,      2872
        223,0,      2873
        223,0,      2874
        223,0,      2875
        223,0,      2876
        223,0,      2877
        223,0,      2878
        223,0,      2879
        223,0,      2880
        223,0,      2881
        223,0,      2882
        223,0,      2883
        223,0,      2884
        223,0,      2885
        223,0,      2886
        223,0,      2887
        223,0,      2888
        223,0,      2889
        223,0,      2890
        223,0,      2891
        223,0,      2892
        223,0,      2893
        223,0,      2894
        223,0,      2895
        223,0,      2896
        223,0,      2897
        223,0,      2898
        223,0,      2899
        223,0,      2900
        223,0,      2901
        223,0,      2902
        223,0,      2903
        223,0,      2904
        223,0,      2905
        223,0,      2906
        223,0,      2907
        223,0,      2908
        223,0,      2909
        223,0,      2910
        223,0,      2911
        223,0,      2912
        223,0,      2913
        223,0,      2914
        223,0,      2915
        223,0,      2916
        223,0,      2917
        223,0,      2918
        223,0,      2919
        223,0,      2920
        223,0,      2921
        223,0,      2922
        223,0,      2923
        223,0,      2924
        223,0,      2925
        223,0,      2926
