        409,0,         1
        409,0,         2
        409,0,         3
        409,0,         4
        409,0,         5
        409,0,         6
        409,0,         7
        409,0,         8
        409,0,         9
        409,0,        10
        409,0,        11
        409,0,        12
        409,0,        13
        409,0,        14
        409,0,        15
        409,0,        16
        409,0,        17
        409,0,        18
        409,0,        19
        409,0,        20
        409,0,        21
        409,0,        22
        409,0,        23
        409,0,        24
        409,0,        25
        409,0,        26
        409,0,        27
        409,0,        28
        409,0,        29
        409,0,        30
        409,0,        31
        409,0,        32
        409,0,        33
        409,0,        34
        409,0,        35
        409,0,        36
        409,0,        37
        409,0,        38
        409,0,        39
        409,0,        40
        409,0,        41
        409,0,        42
        409,0,        43
        409,0,        44
        409,0,        45
        409,0,        46
        409,0,        47
        409,0,        48
        409,0,        49
        409,0,        50
        409,0,        51
        409,0,        52
        409,0,        53
        409,0,        54
        409,0,        55
        409,0,        56
        409,0,        57
        409,0,        58
        409,0,        59
        409,0,        60
        409,0,        61
        409,0,        62
        409,0,        63
        409,0,        64
        409,0,        65
        409,0,        66
        410,0,        67
        410,0,        68
        410,0,        69
        410,0,        70
        410,0,        71
        410,0,        72
        410,0,        73
        410,0,        74
        410,0,        75
        410,0,        76
        410,0,        77
        410,0,        78
        410,0,        79
        410,0,        80
        410,0,        81
        410,0,        82
        410,0,        83
        410,0,        84
        410,0,        85
        410,0,        86
        410,0,        87
        410,0,        88
        410,0,        89
        410,0,        90
        410,0,        91
        410,0,        92
        410,0,        93
        410,0,        94
        410,0,        95
        410,0,        96
        410,0,        97
        410,0,        98
        410,0,        99
        410,0,       100
        410,0,       101
        410,0,       102
        410,0,       103
        410,0,       104
        410,0,       105
        410,0,       106
        410,0,       107
        410,0,       108
        410,0,       109
        410,0,       110
        410,0,       111
        410,0,       112
        410,0,       113
        410,0,       114
        410,0,       115
        410,0,       116
        410,0,       117
        410,0,       118
        410,0,       119
        410,0,       120
        410,0,       121
        410,0,       122
        410,0,       123
        410,0,       124
        410,0,       125
        410,0,       126
        410,0,       127
        410,0,       128
        410,0,       129
        410,0,       130
        410,0,       131
        410,0,       132
        410,0,       133
        410,0,       134
        410,0,       135
        410,0,       136
        410,0,       137
        410,0,       138
        410,0,       139
        410,0,       140
        410,0,       141
        410,0,       142
        410,0,       143
        410,0,       144
        410,0,       145
        410,0,       146
        410,0,       147
        410,0,       148
        410,0,       149
        410,0,       150
        410,0,       151
        410,0,       152
        410,0,       153
        410,0,       154
        410,0,       155
        410,0,       156
        410,0,       157
        410,0,       158
        410,0,       159
        410,0,       160
        410,0,       161
        410,0,       162
        410,0,       163
        410,0,       164
        410,0,       165
        410,0,       166
        410,0,       167
        410,0,       168
        410,0,       169
        410,0,       170
        410,0,       171
        410,0,       172
        410,0,       173
        410,0,       174
        410,0,       175
        410,0,       176
        410,0,       177
        410,0,       178
        410,0,       179
        410,0,       180
        410,0,       181
        410,0,       182
        410,0,       183
        410,0,       184
        410,0,       185
        410,0,       186
        410,0,       187
        410,0,       188
        409,0,       189
        409,0,       190
        409,0,       191
        409,0,       192
        409,0,       193
        409,0,       194
        409,0,       195
        409,0,       196
        409,0,       197
        409,0,       198
        409,0,       199
        409,0,       200
        409,0,       201
        409,0,       202
        409,0,       203
        409,0,       204
        409,0,       205
        409,0,       206
        409,0,       207
        409,0,       208
        409,0,       209
        409,0,       210
        409,0,       211
        409,0,       212
        409,0,       213
        409,0,       214
        409,0,       215
        409,0,       216
        409,0,       217
        409,0,       218
        409,0,       219
        409,0,       220
        409,0,       221
        409,0,       222
        409,0,       223
        409,0,       224
        409,0,       225
        409,0,       226
        409,0,       227
        409,0,       228
        409,0,       229
        409,0,       230
        409,0,       231
        409,0,       232
        409,0,       233
        409,0,       234
        409,0,       235
        409,0,       236
        409,0,       237
        409,0,       238
        409,0,       239
        409,0,       240
        409,0,       241
        409,0,       242
        409,0,       243
        409,0,       244
        409,0,       245
        409,0,       246
        409,0,       247
        409,0,       248
        409,0,       249
        409,0,       250
        409,0,       251
        409,0,       252
        409,0,       253
        409,0,       254
        409,0,       255
        409,0,       256
        410,0,       257
        410,0,       258
        410,0,       259
        410,0,       260
        410,0,       261
        410,0,       262
        410,0,       263
        410,0,       264
        410,0,       265
        410,0,       266
        410,0,       267
        410,0,       268
        410,0,       269
        410,0,       270
        410,0,       271
        410,0,       272
        410,0,       273
        410,0,       274
        410,0,       275
        410,0,       276
        410,0,       277
        410,0,       278
        410,0,       279
        410,0,       280
        410,0,       281
        410,0,       282
        410,0,       283
        410,0,       284
        410,0,       285
        410,0,       286
        410,0,       287
        410,0,       288
        410,0,       289
        410,0,       290
        410,0,       291
        410,0,       292
        410,0,       293
        410,0,       294
        410,0,       295
        410,0,       296
        409,0,       297
        409,0,       298
        409,0,       299
        409,0,       300
        409,0,       301
        409,0,       302
        409,0,       303
        409,0,       304
        409,0,       305
        409,0,       306
        409,0,       307
        409,0,       308
        408,0,       309
        408,0,       310
        408,0,       311
        408,0,       312
        408,0,       313
        408,0,       314
        408,0,       315
        408,0,       316
        408,0,       317
        408,0,       318
        408,0,       319
        408,0,       320
        408,0,       321
        408,0,       322
        408,0,       323
        408,0,       324
        408,0,       325
        408,0,       326
        408,0,       327
        408,0,       328
        408,0,       329
        408,0,       330
        408,0,       331
        408,0,       332
        408,0,       333
        408,0,       334
        408,0,       335
        408,0,       336
        408,0,       337
        408,0,       338
        408,0,       339
        408,0,       340
        408,0,       341
        408,0,       342
        408,0,       343
        408,0,       344
        408,0,       345
        408,0,       346
        408,0,       347
        408,0,       348
        408,0,       349
        408,0,       350
        408,0,       351
        408,0,       352
        408,0,       353
        408,0,       354
        408,0,       355
        408,0,       356
        408,0,       357
        408,0,       358
        408,0,       359
        408,0,       360
        408,0,       361
        408,0,       362
        408,0,       363
        408,0,       364
        408,0,       365
        408,0,       366
        408,0,       367
        408,0,       368
        408,0,       369
        408,0,       370
        408,0,       371
        408,0,       372
        408,0,       373
        408,0,       374
        408,0,       375
        408,0,       376
        408,0,       377
        408,0,       378
        408,0,       379
        408,0,       380
        408,0,       381
        408,0,       382
        408,0,       383
        408,0,       384
        408,0,       385
        408,0,       386
        408,0,       387
        408,0,       388
        408,0,       389
        408,0,       390
        408,0,       391
        408,0,       392
        408,0,       393
        408,0,       394
        408,0,       395
        408,0,       396
        408,0,       397
        408,0,       398
        408,0,       399
        408,0,       400
        408,0,       401
        408,0,       402
        408,0,       403
        408,0,       404
        408,0,       405
        408,0,       406
        408,0,       407
        408,0,       408
        408,0,       409
        408,0,       410
        408,0,       411
        408,0,       412
        408,0,       413
        408,0,       414
        408,0,       415
        408,0,       416
        408,0,       417
        408,0,       418
        408,0,       419
        408,0,       420
        408,0,       421
        408,0,       422
        408,0,       423
        408,0,       424
        408,0,       425
        408,0,       426
        408,0,       427
        408,0,       428
        408,0,       429
        408,0,       430
        408,0,       431
        408,0,       432
        408,0,       433
        408,0,       434
        408,0,       435
        408,0,       436
        408,0,       437
        407,0,       438
        407,0,       439
        407,0,       440
        407,0,       441
        407,0,       442
        407,0,       443
        407,0,       444
        406,0,       445
        406,0,       446
        406,0,       447
        406,0,       448
        406,0,       449
        406,0,       450
        406,0,       451
        405,0,       452
        405,0,       453
        405,0,       454
        405,0,       455
        405,0,       456
        405,0,       457
        404,0,       458
        404,0,       459
        404,0,       460
        404,0,       461
        404,0,       462
        404,0,       463
        404,0,       464
        404,0,       465
        403,0,       466
        403,0,       467
        403,0,       468
        403,0,       469
        403,0,       470
        403,0,       471
        403,0,       472
        403,0,       473
        403,0,       474
        403,0,       475
        403,0,       476
        403,0,       477
        403,0,       478
        403,0,       479
        403,0,       480
        403,0,       481
        403,0,       482
        403,0,       483
        402,0,       484
        402,0,       485
        402,0,       486
        402,0,       487
        402,0,       488
        402,0,       489
        401,0,       490
        401,0,       491
        401,0,       492
        401,0,       493
        401,0,       494
        400,0,       495
        400,0,       496
        400,0,       497
        400,0,       498
        399,0,       499
        399,0,       500
        399,0,       501
        399,0,       502
        399,0,       503
        398,0,       504
        398,0,       505
        398,0,       506
        398,0,       507
        398,0,       508
        398,0,       509
        397,0,       510
        397,0,       511
        397,0,       512
        397,0,       513
        397,0,       514
        397,0,       515
        397,0,       516
        397,0,       517
        397,0,       518
        396,0,       519
        396,0,       520
        396,0,       521
        396,0,       522
        396,0,       523
        396,0,       524
        396,0,       525
        396,0,       526
        396,0,       527
        396,0,       528
        396,0,       529
        396,0,       530
        396,0,       531
        396,0,       532
        396,0,       533
        396,0,       534
        396,0,       535
        396,0,       536
        396,0,       537
        396,0,       538
        396,0,       539
        396,0,       540
        396,0,       541
        396,0,       542
        396,0,       543
        396,0,       544
        396,0,       545
        396,0,       546
        396,0,       547
        396,0,       548
        396,0,       549
        396,0,       550
        396,0,       551
        396,0,       552
        396,0,       553
        396,0,       554
        396,0,       555
        396,0,       556
        396,0,       557
        396,0,       558
        396,0,       559
        396,0,       560
        396,0,       561
        396,0,       562
        396,0,       563
        396,0,       564
        396,0,       565
        396,0,       566
        396,0,       567
        396,0,       568
        396,0,       569
        396,0,       570
        396,0,       571
        396,0,       572
        396,0,       573
        396,0,       574
        396,0,       575
        396,0,       576
        396,0,       577
        396,0,       578
        396,0,       579
        396,0,       580
        396,0,       581
        396,0,       582
        396,0,       583
        396,0,       584
        396,0,       585
        396,0,       586
        396,0,       587
        396,0,       588
        396,0,       589
        396,0,       590
        396,0,       591
        396,0,       592
        396,0,       593
        396,0,       594
        396,0,       595
        396,0,       596
        396,0,       597
        396,0,       598
        396,0,       599
        396,0,       600
        396,0,       601
        396,0,       602
        396,0,       603
        396,0,       604
        396,0,       605
        396,0,       606
        396,0,       607
        396,0,       608
        396,0,       609
        396,0,       610
        396,0,       611
        396,0,       612
        396,0,       613
        396,0,       614
        396,0,       615
        396,0,       616
        396,0,       617
        396,0,       618
        396,0,       619
        396,0,       620
        396,0,       621
        396,0,       622
        396,0,       623
        396,0,       624
        396,0,       625
        396,0,       626
        396,0,       627
        396,0,       628
        396,0,       629
        396,0,       630
        396,0,       631
        396,0,       632
        396,0,       633
        396,0,       634
        396,0,       635
        396,0,       636
        396,0,       637
        396,0,       638
        396,0,       639
        396,0,       640
        396,0,       641
        396,0,       642
        396,0,       643
        396,0,       644
        396,0,       645
        396,0,       646
        396,0,       647
        396,0,       648
        396,0,       649
        396,0,       650
        396,0,       651
        396,0,       652
        396,0,       653
        396,0,       654
        396,0,       655
        396,0,       656
        396,0,       657
        396,0,       658
        396,0,       659
        396,0,       660
        396,0,       661
        396,0,       662
        396,0,       663
        396,0,       664
        396,0,       665
        396,0,       666
        396,0,       667
        396,0,       668
        396,0,       669
        396,0,       670
        396,0,       671
        396,0,       672
        396,0,       673
        396,0,       674
        396,0,       675
        396,0,       676
        396,0,       677
        396,0,       678
        396,0,       679
        396,0,       680
        396,0,       681
        396,0,       682
        396,0,       683
        396,0,       684
        396,0,       685
        396,0,       686
        396,0,       687
        396,0,       688
        396,0,       689
        396,0,       690
        396,0,       691
        396,0,       692
        396,0,       693
        396,0,       694
        396,0,       695
        396,0,       696
        396,0,       697
        396,0,       698
        396,0,       699
        396,0,       700
        396,0,       701
        396,0,       702
        396,0,       703
        396,0,       704
        396,0,       705
        396,0,       706
        396,0,       707
        396,0,       708
        396,0,       709
        396,0,       710
        396,0,       711
        396,0,       712
        396,0,       713
        396,0,       714
        396,0,       715
        396,0,       716
        396,0,       717
        396,0,       718
        396,0,       719
        396,0,       720
        396,0,       721
        396,0,       722
        396,0,       723
        396,0,       724
        396,0,       725
        396,0,       726
        396,0,       727
        396,0,       728
        396,0,       729
        396,0,       730
        396,0,       731
        396,0,       732
        396,0,       733
        396,0,       734
        396,0,       735
        396,0,       736
        396,0,       737
        396,0,       738
        396,0,       739
        396,0,       740
        396,0,       741
        396,0,       742
        396,0,       743
        396,0,       744
        396,0,       745
        396,0,       746
        396,0,       747
        396,0,       748
        396,0,       749
        396,0,       750
        396,0,       751
        396,0,       752
        396,0,       753
        396,0,       754
        396,0,       755
        396,0,       756
        396,0,       757
        396,0,       758
        396,0,       759
        396,0,       760
        396,0,       761
        396,0,       762
        396,0,       763
        396,0,       764
        396,0,       765
        396,0,       766
        396,0,       767
        396,0,       768
        396,0,       769
        396,0,       770
        396,0,       771
        396,0,       772
        396,0,       773
        396,0,       774
        396,0,       775
        396,0,       776
        396,0,       777
        396,0,       778
        396,0,       779
        396,0,       780
        396,0,       781
        396,0,       782
        396,0,       783
        396,0,       784
        396,0,       785
        396,0,       786
        396,0,       787
        396,0,       788
        396,0,       789
        396,0,       790
        396,0,       791
        396,0,       792
        396,0,       793
        396,0,       794
        396,0,       795
        396,0,       796
        396,0,       797
        396,0,       798
        396,0,       799
        396,0,       800
        396,0,       801
        396,0,       802
        396,0,       803
        396,0,       804
        396,0,       805
        396,0,       806
        396,0,       807
        396,0,       808
        396,0,       809
        396,0,       810
        396,0,       811
        396,0,       812
        396,0,       813
        396,0,       814
        396,0,       815
        396,0,       816
        396,0,       817
        396,0,       818
        396,0,       819
        396,0,       820
        396,0,       821
        396,0,       822
        396,0,       823
        396,0,       824
        396,0,       825
        396,0,       826
        396,0,       827
        396,0,       828
        396,0,       829
        396,0,       830
        396,0,       831
        396,0,       832
        396,0,       833
        396,0,       834
        396,0,       835
        396,0,       836
        396,0,       837
        396,0,       838
        396,0,       839
        396,0,       840
        396,0,       841
        396,0,       842
        396,0,       843
        396,0,       844
        396,0,       845
        396,0,       846
        396,0,       847
        396,0,       848
        396,0,       849
        396,0,       850
        397,0,       851
        397,0,       852
        397,0,       853
        397,0,       854
        397,0,       855
        397,0,       856
        397,0,       857
        397,0,       858
        397,0,       859
        397,0,       860
        397,0,       861
        397,0,       862
        397,0,       863
        397,0,       864
        397,0,       865
        397,0,       866
        397,0,       867
        397,0,       868
        397,0,       869
        397,0,       870
        397,0,       871
        397,0,       872
        397,0,       873
        397,0,       874
        397,0,       875
        397,0,       876
        397,0,       877
        397,0,       878
        397,0,       879
        397,0,       880
        397,0,       881
        397,0,       882
        397,0,       883
        397,0,       884
        397,0,       885
        397,0,       886
        397,0,       887
        397,0,       888
        397,0,       889
        397,0,       890
        397,0,       891
        397,0,       892
        397,0,       893
        397,0,       894
        397,0,       895
        397,0,       896
        397,0,       897
        397,0,       898
        397,0,       899
        397,0,       900
        398,0,       901
        398,0,       902
        398,0,       903
        398,0,       904
        398,0,       905
        398,0,       906
        398,0,       907
        398,0,       908
        398,0,       909
        398,0,       910
        398,0,       911
        398,0,       912
        398,0,       913
        398,0,       914
        398,0,       915
        398,0,       916
        398,0,       917
        398,0,       918
        398,0,       919
        398,0,       920
        398,0,       921
        398,0,       922
        398,0,       923
        398,0,       924
        398,0,       925
        398,0,       926
        398,0,       927
        398,0,       928
        398,0,       929
        398,0,       930
        398,0,       931
        398,0,       932
        398,0,       933
        398,0,       934
        398,0,       935
        398,0,       936
        398,0,       937
        398,0,       938
        398,0,       939
        398,0,       940
        398,0,       941
        398,0,       942
        398,0,       943
        398,0,       944
        398,0,       945
        398,0,       946
        398,0,       947
        398,0,       948
        398,0,       949
        398,0,       950
        398,0,       951
        398,0,       952
        398,0,       953
        398,0,       954
        398,0,       955
        398,0,       956
        398,0,       957
        399,0,       958
        399,0,       959
        399,0,       960
        399,0,       961
        399,0,       962
        399,0,       963
        399,0,       964
        399,0,       965
        399,0,       966
        399,0,       967
        399,0,       968
        399,0,       969
        399,0,       970
        399,0,       971
        399,0,       972
        399,0,       973
        399,0,       974
        399,0,       975
        399,0,       976
        399,0,       977
        399,0,       978
        399,0,       979
        399,0,       980
        399,0,       981
        399,0,       982
        399,0,       983
        399,0,       984
        399,0,       985
        399,0,       986
        399,0,       987
        399,0,       988
        399,0,       989
        399,0,       990
        399,0,       991
        399,0,       992
        399,0,       993
        399,0,       994
        399,0,       995
        399,0,       996
        399,0,       997
        399,0,       998
        399,0,       999
        399,0,      1000
        399,0,      1001
        399,0,      1002
        399,0,      1003
        399,0,      1004
        399,0,      1005
        399,0,      1006
        399,0,      1007
        399,0,      1008
        399,0,      1009
        399,0,      1010
        399,0,      1011
        399,0,      1012
        399,0,      1013
        399,0,      1014
        399,0,      1015
        399,0,      1016
        398,0,      1017
        398,0,      1018
        398,0,      1019
        398,0,      1020
        398,0,      1021
        398,0,      1022
        398,0,      1023
        398,0,      1024
        398,0,      1025
        398,0,      1026
        398,0,      1027
        398,0,      1028
        398,0,      1029
        398,0,      1030
        398,0,      1031
        398,0,      1032
        398,0,      1033
        397,0,      1034
        397,0,      1035
        397,0,      1036
        397,0,      1037
        397,0,      1038
        397,0,      1039
        397,0,      1040
        397,0,      1041
        397,0,      1042
        397,0,      1043
        397,0,      1044
        397,0,      1045
        397,0,      1046
        397,0,      1047
        397,0,      1048
        397,0,      1049
        397,0,      1050
        397,0,      1051
        397,0,      1052
        397,0,      1053
        397,0,      1054
        397,0,      1055
        397,0,      1056
        397,0,      1057
        397,0,      1058
        397,0,      1059
        397,0,      1060
        397,0,      1061
        397,0,      1062
        397,0,      1063
        397,0,      1064
        397,0,      1065
        397,0,      1066
        397,0,      1067
        397,0,      1068
        397,0,      1069
        397,0,      1070
        397,0,      1071
        397,0,      1072
        397,0,      1073
        397,0,      1074
        397,0,      1075
        397,0,      1076
        397,0,      1077
        397,0,      1078
        397,0,      1079
        397,0,      1080
        397,0,      1081
        397,0,      1082
        397,0,      1083
        397,0,      1084
        397,0,      1085
        397,0,      1086
        397,0,      1087
        397,0,      1088
        397,0,      1089
        397,0,      1090
        397,0,      1091
        397,0,      1092
        397,0,      1093
        397,0,      1094
        397,0,      1095
        397,0,      1096
        397,0,      1097
        396,0,      1098
        396,0,      1099
        396,0,      1100
        396,0,      1101
        396,0,      1102
        396,0,      1103
        396,0,      1104
        396,0,      1105
        396,0,      1106
        395,0,      1107
        395,0,      1108
        395,0,      1109
        395,0,      1110
        395,0,      1111
        395,0,      1112
        394,0,      1113
        394,0,      1114
        394,0,      1115
        394,0,      1116
        394,0,      1117
        394,0,      1118
        393,0,      1119
        393,0,      1120
        393,0,      1121
        393,0,      1122
        393,0,      1123
        393,0,      1124
        393,0,      1125
        393,0,      1126
        393,0,      1127
        392,0,      1128
        392,0,      1129
        392,0,      1130
        392,0,      1131
        392,0,      1132
        392,0,      1133
        392,0,      1134
        392,0,      1135
        392,0,      1136
        392,0,      1137
        392,0,      1138
        392,0,      1139
        392,0,      1140
        392,0,      1141
        392,0,      1142
        392,0,      1143
        392,0,      1144
        392,0,      1145
        392,0,      1146
        392,0,      1147
        392,0,      1148
        392,0,      1149
        392,0,      1150
        392,0,      1151
        392,0,      1152
        392,0,      1153
        392,0,      1154
        392,0,      1155
        392,0,      1156
        392,0,      1157
        392,0,      1158
        392,0,      1159
        392,0,      1160
        392,0,      1161
        392,0,      1162
        392,0,      1163
        392,0,      1164
        392,0,      1165
        392,0,      1166
        392,0,      1167
        392,0,      1168
        392,0,      1169
        392,0,      1170
        392,0,      1171
        392,0,      1172
        392,0,      1173
        392,0,      1174
        392,0,      1175
        392,0,      1176
        392,0,      1177
        392,0,      1178
        392,0,      1179
        392,0,      1180
        392,0,      1181
        392,0,      1182
        392,0,      1183
        392,0,      1184
        392,0,      1185
        392,0,      1186
        392,0,      1187
        392,0,      1188
        392,0,      1189
        392,0,      1190
        392,0,      1191
        392,0,      1192
        392,0,      1193
        392,0,      1194
        392,0,      1195
        392,0,      1196
        392,0,      1197
        392,0,      1198
        392,0,      1199
        392,0,      1200
        392,0,      1201
        392,0,      1202
        392,0,      1203
        392,0,      1204
        392,0,      1205
        392,0,      1206
        392,0,      1207
        392,0,      1208
        392,0,      1209
        392,0,      1210
        392,0,      1211
        392,0,      1212
        392,0,      1213
        392,0,      1214
        392,0,      1215
        392,0,      1216
        392,0,      1217
        392,0,      1218
        392,0,      1219
        392,0,      1220
        392,0,      1221
        392,0,      1222
        392,0,      1223
        392,0,      1224
        392,0,      1225
        392,0,      1226
        392,0,      1227
        392,0,      1228
        392,0,      1229
        392,0,      1230
        392,0,      1231
        392,0,      1232
        392,0,      1233
        392,0,      1234
        392,0,      1235
        392,0,      1236
        392,0,      1237
        392,0,      1238
        392,0,      1239
        392,0,      1240
        392,0,      1241
        392,0,      1242
        392,0,      1243
        392,0,      1244
        392,0,      1245
        392,0,      1246
        392,0,      1247
        392,0,      1248
        392,0,      1249
        392,0,      1250
        392,0,      1251
        392,0,      1252
        392,0,      1253
        392,0,      1254
        392,0,      1255
        392,0,      1256
        392,0,      1257
        392,0,      1258
        392,0,      1259
        392,0,      1260
        392,0,      1261
        392,0,      1262
        392,0,      1263
        392,0,      1264
        392,0,      1265
        392,0,      1266
        392,0,      1267
        392,0,      1268
        392,0,      1269
        392,0,      1270
        392,0,      1271
        392,0,      1272
        392,0,      1273
        392,0,      1274
        392,0,      1275
        392,0,      1276
        392,0,      1277
        392,0,      1278
        392,0,      1279
        392,0,      1280
        392,0,      1281
        392,0,      1282
        392,0,      1283
        392,0,      1284
        392,0,      1285
        392,0,      1286
        392,0,      1287
        392,0,      1288
        392,0,      1289
        392,0,      1290
        392,0,      1291
        392,0,      1292
        392,0,      1293
        392,0,      1294
        392,0,      1295
        392,0,      1296
        392,0,      1297
        392,0,      1298
        392,0,      1299
        392,0,      1300
        392,0,      1301
        392,0,      1302
        392,0,      1303
        392,0,      1304
        392,0,      1305
        392,0,      1306
        392,0,      1307
        392,0,      1308
        392,0,      1309
        392,0,      1310
        392,0,      1311
        392,0,      1312
        392,0,      1313
        392,0,      1314
        392,0,      1315
        392,0,      1316
        392,0,      1317
        392,0,      1318
        392,0,      1319
        392,0,      1320
        392,0,      1321
        392,0,      1322
        392,0,      1323
        392,0,      1324
        392,0,      1325
        392,0,      1326
        392,0,      1327
        392,0,      1328
        392,0,      1329
        392,0,      1330
        392,0,      1331
        392,0,      1332
        392,0,      1333
        392,0,      1334
        392,0,      1335
        392,0,      1336
        392,0,      1337
        392,0,      1338
        392,0,      1339
        392,0,      1340
        392,0,      1341
        392,0,      1342
        392,0,      1343
        392,0,      1344
        392,0,      1345
        392,0,      1346
        392,0,      1347
        392,0,      1348
        392,0,      1349
        392,0,      1350
        392,0,      1351
        392,0,      1352
        392,0,      1353
        392,0,      1354
        392,0,      1355
        392,0,      1356
        392,0,      1357
        392,0,      1358
        392,0,      1359
        392,0,      1360
        392,0,      1361
        392,0,      1362
        392,0,      1363
        392,0,      1364
        392,0,      1365
        392,0,      1366
        392,0,      1367
        392,0,      1368
        392,0,      1369
        392,0,      1370
        392,0,      1371
        392,0,      1372
        392,0,      1373
        392,0,      1374
        392,0,      1375
        392,0,      1376
        392,0,      1377
        392,0,      1378
        392,0,      1379
        392,0,      1380
        392,0,      1381
        392,0,      1382
        392,0,      1383
        392,0,      1384
        392,0,      1385
        392,0,      1386
        392,0,      1387
        392,0,      1388
        392,0,      1389
        392,0,      1390
        392,0,      1391
        392,0,      1392
        392,0,      1393
        392,0,      1394
        392,0,      1395
        392,0,      1396
        392,0,      1397
        392,0,      1398
        392,0,      1399
        392,0,      1400
        392,0,      1401
        392,0,      1402
        392,0,      1403
        392,0,      1404
        392,0,      1405
        392,0,      1406
        392,0,      1407
        392,0,      1408
        392,0,      1409
        392,0,      1410
        392,0,      1411
        392,0,      1412
        392,0,      1413
        392,0,      1414
        392,0,      1415
        392,0,      1416
        392,0,      1417
        392,0,      1418
        392,0,      1419
        392,0,      1420
        392,0,      1421
        392,0,      1422
        392,0,      1423
        392,0,      1424
        392,0,      1425
        392,0,      1426
        392,0,      1427
        392,0,      1428
        392,0,      1429
        392,0,      1430
        392,0,      1431
        392,0,      1432
        392,0,      1433
        392,0,      1434
        392,0,      1435
        392,0,      1436
        392,0,      1437
        392,0,      1438
        392,0,      1439
        392,0,      1440
        392,0,      1441
        392,0,      1442
        392,0,      1443
        392,0,      1444
        392,0,      1445
        392,0,      1446
        392,0,      1447
        392,0,      1448
        392,0,      1449
        392,0,      1450
        392,0,      1451
        392,0,      1452
        392,0,      1453
        392,0,      1454
        392,0,      1455
        392,0,      1456
        392,0,      1457
        392,0,      1458
        392,0,      1459
        392,0,      1460
        392,0,      1461
        392,0,      1462
        392,0,      1463
        392,0,      1464
        392,0,      1465
        392,0,      1466
        392,0,      1467
        392,0,      1468
        392,0,      1469
        392,0,      1470
        392,0,      1471
        392,0,      1472
        392,0,      1473
        392,0,      1474
        392,0,      1475
        392,0,      1476
        392,0,      1477
        392,0,      1478
        392,0,      1479
        392,0,      1480
        392,0,      1481
        392,0,      1482
        392,0,      1483
        392,0,      1484
        392,0,      1485
        392,0,      1486
        392,0,      1487
        392,0,      1488
        392,0,      1489
        392,0,      1490
        392,0,      1491
        392,0,      1492
        392,0,      1493
        392,0,      1494
        392,0,      1495
        392,0,      1496
        392,0,      1497
        392,0,      1498
        392,0,      1499
        392,0,      1500
        392,0,      1501
        392,0,      1502
        392,0,      1503
        392,0,      1504
        392,0,      1505
        392,0,      1506
        392,0,      1507
        392,0,      1508
        392,0,      1509
        392,0,      1510
        392,0,      1511
        392,0,      1512
        392,0,      1513
        392,0,      1514
        392,0,      1515
        392,0,      1516
        392,0,      1517
        392,0,      1518
        392,0,      1519
        392,0,      1520
        392,0,      1521
        392,0,      1522
        392,0,      1523
        392,0,      1524
        392,0,      1525
        392,0,      1526
        392,0,      1527
        392,0,      1528
        392,0,      1529
        392,0,      1530
        392,0,      1531
        392,0,      1532
        392,0,      1533
        392,0,      1534
        392,0,      1535
        392,0,      1536
        392,0,      1537
        392,0,      1538
        392,0,      1539
        392,0,      1540
        392,0,      1541
