Sampling freqeuncy: 500 Hz
  0.000,1,   0.563477,  -0.186523,   1.604004,         1
  0.000,0,   0.532227,  -0.190430,   1.625977,         2
  0.000,0,   0.477539,  -0.170898,   1.669434,         3
  0.000,0,   0.451172,  -0.152344,   1.642578,         4
  0.000,0,   0.459961,  -0.142578,   1.622070,         5
  0.000,0,   0.425781,  -0.120605,   1.632324,         6
  0.000,0,   0.417969,  -0.089355,   1.644531,         7
  0.000,0,   0.428711,  -0.097168,   1.655762,         8
  0.000,0,   0.452148,  -0.107422,   1.617676,         9
  0.000,0,   0.480957,  -0.120605,   1.606445,        10
  0.000,0,   0.504883,  -0.120605,   1.602051,        11
  0.000,0,   0.516113,  -0.136230,   1.592773,        12
  0.000,0,   0.535156,  -0.143555,   1.578125,        13
  0.000,0,   0.559082,  -0.157715,   1.563477,        14
  0.000,0,   0.556641,  -0.159668,   1.550293,        15
  0.000,0,   0.583008,  -0.161133,   1.568848,        16
  0.000,0,   0.569336,  -0.165527,   1.568359,        17
  0.000,0,   0.523926,  -0.180176,   1.641602,        18
  0.000,0,   0.492676,  -0.151855,   1.644531,        19
  0.000,0,   0.494629,  -0.150391,   1.659180,        20
  0.000,0,   0.490234,  -0.154785,   1.677246,        21
  0.000,0,   0.484863,  -0.158203,   1.671387,        22
  0.000,0,   0.467285,  -0.149902,   1.704102,        23
  0.000,0,   0.442871,  -0.132324,   1.723145,        24
  0.000,0,   0.454102,  -0.145020,   1.720703,        25
  0.000,0,   0.465820,  -0.151855,   1.706543,        26
  0.000,0,   0.482422,  -0.141602,   1.690430,        27
  0.000,0,   0.481934,  -0.146484,   1.667969,        28
  0.000,0,   0.499023,  -0.154297,   1.661621,        29
  0.000,0,   0.521484,  -0.157715,   1.646973,        30
  0.000,0,   0.534180,  -0.141113,   1.596191,        31
  0.000,0,   0.531738,  -0.142090,   1.591309,        32
  0.000,0,   0.520996,  -0.114746,   1.580566,        33
  0.000,0,   0.541504,  -0.119629,   1.582520,        34
  0.000,0,   0.520996,  -0.114746,   1.585449,        35
  0.000,0,   0.526855,  -0.128418,   1.554199,        36
  0.000,0,   0.520020,  -0.129883,   1.595215,        37
  0.000,0,   0.509766,  -0.154785,   1.592285,        38
  0.000,0,   0.487305,  -0.130859,   1.622070,        39
  0.000,0,   0.484863,  -0.143555,   1.618164,        40
  0.000,0,   0.481934,  -0.144531,   1.646973,        41
  0.000,0,   0.484375,  -0.126465,   1.654785,        42
  0.000,0,   0.484863,  -0.156250,   1.650879,        43
  0.000,0,   0.478516,  -0.153809,   1.663574,        44
  0.000,0,   0.506348,  -0.164551,   1.650391,        45
  0.000,0,   0.520020,  -0.167969,   1.657715,        46
  0.000,0,   0.515137,  -0.156738,   1.637695,        47
  0.000,0,   0.520508,  -0.160645,   1.662109,        48
  0.000,0,   0.541016,  -0.187500,   1.630859,        49
  0.000,0,   0.563477,  -0.177734,   1.621582,        50
  0.000,0,   0.564941,  -0.188477,   1.635742,        51
  0.000,0,   0.576660,  -0.195801,   1.606445,        52
  0.000,0,   0.592285,  -0.182617,   1.601562,        53
  0.000,0,   0.590820,  -0.185547,   1.584473,        54
  0.000,0,   0.585449,  -0.198242,   1.564453,        55
  0.000,0,   0.598145,  -0.177734,   1.538086,        56
  0.000,0,   0.592285,  -0.180176,   1.536621,        57
  0.000,0,   0.597656,  -0.183594,   1.511230,        58
  0.000,0,   0.584473,  -0.179199,   1.508301,        59
  0.000,0,   0.563477,  -0.160645,   1.499023,        60
  0.000,0,   0.560547,  -0.153809,   1.528320,        61
  0.000,0,   0.562012,  -0.152832,   1.539551,        62
  0.000,0,   0.530762,  -0.177246,   1.570801,        63
  0.000,0,   0.515625,  -0.171387,   1.581543,        64
  0.000,0,   0.522949,  -0.182617,   1.601562,        65
  0.000,0,   0.509766,  -0.165039,   1.598145,        66
  0.000,0,   0.532227,  -0.161621,   1.581055,        67
  0.000,0,   0.557129,  -0.165527,   1.575684,        68
  0.000,0,   0.561035,  -0.146484,   1.533691,        69
  0.000,0,   0.565430,  -0.133789,   1.515137,        70
  0.000,0,   0.576660,  -0.185059,   1.488770,        71
  0.000,0,   0.568359,  -0.162598,   1.505371,        72
  0.000,0,   0.595215,  -0.136719,   1.477539,        73
  0.000,0,   0.655762,  -0.129883,   1.437500,        74
  0.000,0,   0.674805,  -0.137207,   1.466797,        75
  0.000,0,   0.710938,  -0.168945,   1.473145,        76
  0.000,0,   0.746094,  -0.184082,   1.489258,        77
  0.000,0,   0.764160,  -0.192871,   1.523438,        78
  0.000,0,   0.771484,  -0.212402,   1.546875,        79
  0.000,0,   0.768066,  -0.251465,   1.571289,        80
  0.000,0,   0.756348,  -0.280762,   1.634766,        81
  0.000,0,   0.706055,  -0.298828,   1.689941,        82
  0.000,0,   0.650879,  -0.309570,   1.767578,        83
  0.000,0,   0.613281,  -0.313965,   1.791504,        84
  0.000,0,   0.564453,  -0.304199,   1.780762,        85
  0.000,0,   0.545898,  -0.283203,   1.687500,        86
  0.000,0,   0.543945,  -0.231445,   1.618652,        87
  0.000,0,   0.563477,  -0.205078,   1.558594,        88
  0.000,0,   0.564453,  -0.167480,   1.528809,        89
  0.000,0,   0.596680,  -0.163574,   1.519043,        90
  0.000,0,   0.616211,  -0.161621,   1.562500,        91
  0.000,0,   0.622070,  -0.167969,   1.627441,        92
  0.000,0,   0.655762,  -0.157715,   1.704102,        93
  0.000,0,   0.761230,  -0.176758,   1.781738,        94
  0.000,0,   0.806152,  -0.211426,   1.894043,        95
  0.000,0,   0.860840,  -0.223633,   1.979004,        96
  0.000,0,   0.853027,  -0.260254,   2.125000,        97
  0.000,0,   0.837402,  -0.322754,   2.237305,        98
  0.000,0,   0.851074,  -0.374512,   2.435547,        99
  0.000,0,   0.902832,  -0.360352,   2.472168,       100
  0.000,0,   0.949707,  -0.350586,   2.490723,       101
  0.000,0,   1.008789,  -0.312500,   2.437988,       102
  0.000,0,   1.140137,  -0.236328,   2.307129,       103
  0.000,0,   1.247559,  -0.133301,   2.259277,       104
  0.000,0,   1.399414,  -0.024414,   2.263184,       105
  0.000,0,   1.478027,   0.019531,   2.356445,       106
  0.000,0,   1.578125,  -0.025879,   2.576172,       107
  0.000,0,   1.626465,  -0.104004,   2.786621,       108
  0.000,0,   1.639160,  -0.225098,   3.153320,       109
  0.000,0,   1.597168,  -0.329102,   3.447266,       110
  0.000,0,   1.574219,  -0.458984,   3.757812,       111
  0.000,0,   1.553223,  -0.528320,   3.933594,       112
  0.000,0,   1.460449,  -0.458496,   3.999878,       113
  0.000,0,   1.390625,  -0.312500,   3.999878,       114
  0.000,0,   1.307129,  -0.039551,   3.999878,       115
  0.000,0,   1.257324,   0.196777,   3.999878,       116
  0.000,0,   1.163086,   0.425781,   3.999878,       117
  0.000,0,   1.035156,   0.534668,   3.971191,       118
  0.000,0,   0.867188,   0.618652,   3.867676,       119
  0.000,0,   0.739746,   0.647461,   3.813965,       120
  0.000,0,   0.614258,   0.624023,   3.807617,       121
  0.000,0,   0.539062,   0.583008,   3.810059,       122
  0.000,0,   0.440430,   0.488281,   3.884277,       123
  0.000,0,   0.359863,   0.376465,   3.893555,       124
  0.000,0,   0.331055,   0.292480,   3.879883,       125
  0.000,0,   0.352051,   0.203613,   3.739258,       126
  0.000,0,   0.411621,   0.166992,   3.576172,       127
  0.000,0,   0.536621,   0.087402,   3.276367,       128
  0.000,0,   0.636230,   0.031738,   3.046387,       129
  0.000,0,   0.798828,  -0.016113,   2.729004,       130
  0.000,0,   0.925293,  -0.043945,   2.492676,       131
  0.000,0,   1.048340,  -0.104004,   2.323730,       132
  0.000,0,   1.078125,  -0.121582,   2.211914,       133
  0.000,0,   1.020996,  -0.162109,   2.262695,       134
  0.000,0,   0.956543,  -0.168457,   2.292480,       135
  0.000,0,   0.843750,  -0.266602,   2.403809,       136
  0.000,0,   0.749023,  -0.281250,   2.446289,       137
  0.000,0,   0.721191,  -0.204102,   2.397461,       138
  0.000,0,   0.636230,  -0.206543,   2.486328,       139
  0.000,0,   0.532227,  -0.116699,   2.425781,       140
  0.000,0,   0.575195,  -0.045898,   2.152832,       141
  0.000,0,   0.598633,   0.040039,   1.860840,       142
  0.000,0,   0.589355,   0.135742,   1.666016,       143
  0.000,0,   0.546387,   0.253906,   1.488770,       144
  0.000,0,   0.496094,   0.316895,   1.435059,       145
  0.000,0,   0.375000,   0.420410,   1.380859,       146
  0.000,0,   0.204590,   0.500000,   1.429688,       147
  0.000,0,   0.113281,   0.544922,   1.444336,       148
  0.000,0,   0.062012,   0.555664,   1.470215,       149
  0.000,0,   0.022949,   0.534180,   1.476074,       150
  0.000,0,   0.076172,   0.480957,   1.434082,       151
  0.000,0,   0.229004,   0.433105,   1.353516,       152
  0.000,0,   0.230469,   0.411133,   1.440430,       153
  0.000,0,   0.315430,   0.328613,   1.454102,       154
  0.000,0,   0.422852,   0.228516,   1.439941,       155
  0.000,0,   0.490723,   0.164062,   1.336914,       156
  0.000,0,   0.402344,   0.155762,   1.285156,       157
  0.000,0,   0.670410,   0.072266,   0.910645,       158
  0.000,0,   0.628906,   0.077637,   0.947266,       159
  0.000,0,   0.830078,   0.142090,   0.656250,       160
  0.000,0,   1.021973,  -0.002441,   0.632324,       161
  0.000,0,   0.842773,   0.048340,   0.757812,       162
  0.000,0,   1.220215,  -0.041992,   0.455566,       163
  0.000,0,   1.091797,  -0.053223,   0.620117,       164
  0.000,0,   0.770508,  -0.000977,   0.864258,       165
  0.000,0,   0.607910,   0.063965,   0.888184,       166
  0.000,0,   0.625488,   0.090332,   0.769043,       167
  0.000,0,   0.477051,   0.204102,   0.751465,       168
  0.000,0,   0.426758,   0.295410,   0.620117,       169
  0.000,0,   0.431641,   0.430176,   0.416016,       170
  0.000,0,   0.246582,   0.520996,   0.520020,       171
  0.000,0,   0.296875,   0.717773,   0.302734,       172
  0.000,0,   0.650879,   0.759766,  -0.111816,       173
  0.000,0,   0.556152,   0.702637,  -0.085449,       174
  0.000,0,   0.588867,   0.557617,  -0.157227,       175
  0.000,0,   0.731934,   0.423340,  -0.274902,       176
  0.000,0,   0.619629,   0.306152,  -0.125977,       177
  0.000,0,   0.811035,   0.266602,  -0.387207,       178
  0.000,0,   0.681641,   0.204590,  -0.306152,       179
  0.000,0,   0.784180,   0.159668,  -0.467773,       180
  0.000,0,   0.725098,   0.149902,  -0.457520,       181
  0.000,0,   0.811035,   0.153320,  -0.595215,       182
  0.000,0,   0.779785,   0.159668,  -0.626953,       183
  0.000,0,   0.788086,   0.151367,  -0.728516,       184
  0.000,0,   0.789551,   0.145020,  -0.808594,       185
  0.000,0,   0.781738,   0.140625,  -0.915527,       186
  0.000,0,   0.807129,   0.112793,  -1.034180,       187
  0.000,0,   0.812012,   0.096191,  -1.148438,       188
  0.000,0,   0.813477,   0.091309,  -1.289551,       189
  0.000,0,   0.803711,   0.083496,  -1.383789,       190
  0.000,0,   0.784668,   0.033203,  -1.491699,       191
  0.000,0,   0.745605,   0.005859,  -1.550781,       192
  0.000,0,   0.679199,  -0.035156,  -1.581055,       193
  0.000,0,   0.600586,  -0.058105,  -1.590820,       194
  0.000,0,   0.491211,  -0.014160,  -1.540527,       195
  0.000,0,   0.379883,   0.012207,  -1.488281,       196
  0.000,0,   0.262207,   0.042969,  -1.440918,       197
  0.000,0,   0.150391,   0.067871,  -1.428223,       198
  0.000,0,   0.013672,   0.096680,  -1.444824,       199
  0.000,0,  -0.071777,   0.088867,  -1.481445,       200
  0.000,0,  -0.111816,   0.055664,  -1.586426,       201
  0.000,0,  -0.086426,   0.048828,  -1.624512,       202
  0.000,0,  -0.083008,   0.102051,  -1.631348,       203
  0.000,0,  -0.042480,   0.149414,  -1.611816,       204
  0.000,0,  -0.025391,   0.106934,  -1.535156,       205
  0.000,0,  -0.050293,   0.019043,  -1.417480,       206
  0.000,0,  -0.085449,  -0.128418,  -1.291992,       207
  0.000,0,  -0.127441,  -0.229492,  -1.167969,       208
  0.000,0,  -0.165039,  -0.283203,  -1.087891,       209
  0.000,0,  -0.247070,  -0.266113,  -1.041016,       210
  0.000,0,  -0.250977,  -0.235840,  -0.990723,       211
  0.000,0,  -0.296875,  -0.209961,  -0.961914,       212
  0.000,0,  -0.352051,  -0.129883,  -0.888672,       213
  0.000,0,  -0.415527,  -0.085938,  -0.806152,       214
  0.000,0,  -0.444824,  -0.110840,  -0.697266,       215
  0.000,0,  -0.420898,  -0.148438,  -0.753418,       216
  0.000,0,  -0.377441,  -0.146484,  -0.781738,       217
  0.000,0,  -0.297852,  -0.183105,  -0.843750,       218
  0.000,0,  -0.221191,  -0.174805,  -1.011230,       219
  0.000,0,  -0.197266,  -0.232910,  -0.941895,       220
  0.000,0,  -0.153809,  -0.228516,  -0.958008,       221
  0.000,0,  -0.197266,  -0.216309,  -0.871582,       222
  0.000,0,  -0.310547,  -0.193848,  -0.720215,       223
  0.000,0,  -0.337402,  -0.115723,  -0.614746,       224
  0.000,0,  -0.431152,  -0.119629,  -0.458984,       225
  0.000,0,  -0.514648,  -0.109375,  -0.303223,       226
  0.000,0,  -0.581055,  -0.091797,  -0.135254,       227
  0.000,0,  -0.665039,  -0.073242,   0.055176,       228
  0.000,0,  -0.784180,  -0.061523,   0.320312,       229
  0.000,0,  -0.813965,  -0.088379,   0.453613,       230
  0.000,0,  -0.948242,   0.062500,   0.449707,       231
  0.000,0,  -0.624512,  -0.151855,   0.399414,       232
  0.000,0,  -0.744629,  -0.057617,   0.429688,       233
  0.000,0,  -0.642090,  -0.186035,   0.164551,       234
  0.000,0,  -0.498535,  -0.337891,  -0.018066,       235
  0.000,0,  -0.380859,  -0.403809,  -0.035156,       236
  0.000,0,  -0.201172,  -0.347168,  -0.147461,       237
  0.000,0,  -0.268555,  -0.251465,  -0.038086,       238
  0.000,0,  -0.278320,  -0.337402,   0.185547,       239
  0.000,0,  -0.337402,  -0.353516,   0.285156,       240
  0.000,0,  -0.285645,  -0.385254,   0.323730,       241
  0.000,0,  -0.577148,  -0.398926,   0.742676,       242
  0.000,0,  -0.742676,  -0.347168,   1.056641,       243
  0.000,0,  -0.824219,  -0.337402,   1.194824,       244
  0.000,0,  -0.825684,  -0.375977,   1.331543,       245
  0.000,0,  -0.847656,  -0.360840,   1.419922,       246
  0.000,0,  -0.636230,  -0.342285,   1.263672,       247
  0.000,0,  -0.609863,  -0.320312,   1.213867,       248
  0.000,0,  -0.451172,  -0.333984,   1.134277,       249
  0.000,0,  -0.221680,  -0.421875,   1.146973,       250
  0.000,0,   0.020020,  -0.569336,   1.363281,       251
  0.000,0,   0.062012,  -0.660156,   1.662109,       252
  0.000,0,   0.178711,  -0.800293,   2.063965,       253
  0.000,0,   0.194336,  -0.910645,   2.419434,       254
  0.000,0,   0.211914,  -1.153320,   2.857910,       255
  0.000,0,   0.221680,  -1.246094,   3.114258,       256
  0.000,0,   0.169434,  -1.298828,   3.442383,       257
  0.000,0,   0.140625,  -1.205078,   3.582520,       258
  0.000,0,   0.050781,  -1.038086,   3.783691,       259
  0.000,0,   0.055176,  -0.816406,   3.818359,       260
  0.000,0,  -0.108887,  -0.562012,   3.999878,       261
  0.000,0,  -0.108887,  -0.471191,   3.999878,       262
  0.000,0,  -0.306641,  -0.500977,   3.999878,       263
  0.000,0,  -0.500488,  -0.541992,   3.999878,       264
  0.000,0,  -0.593262,  -0.541016,   3.999878,       265
  0.000,0,  -0.496094,  -0.523926,   3.999878,       266
  0.000,0,  -0.261230,  -0.522949,   3.999878,       267
  0.000,0,   0.075684,  -0.534180,   3.811035,       268
  0.000,0,   0.550781,  -0.564941,   3.276855,       269
  0.000,0,   0.832031,  -0.547363,   3.097656,       270
  0.000,0,   1.141113,  -0.614746,   3.041016,       271
  0.000,0,   1.213379,  -0.671387,   3.254883,       272
  0.000,0,   1.150879,  -0.832520,   3.702637,       273
  0.000,0,   1.076172,  -0.933594,   3.991211,       274
  0.000,0,   0.953125,  -1.060059,   3.999878,       275
  0.000,0,   0.815918,  -1.058594,   3.999878,       276
  0.000,0,   0.614746,  -1.068848,   3.999878,       277
  0.000,0,   0.440430,  -1.022461,   3.999878,       278
  0.000,0,   0.234375,  -0.909180,   3.999878,       279
  0.000,0,   0.071777,  -0.752930,   3.999878,       280
  0.000,0,   0.006836,  -0.624023,   3.999878,       281
  0.000,0,   0.022949,  -0.510742,   3.999878,       282
  0.000,0,   0.136719,  -0.456055,   3.999878,       283
  0.000,0,   0.259766,  -0.485352,   3.999878,       284
  0.000,0,   0.458984,  -0.531250,   3.999878,       285
  0.000,0,   0.619629,  -0.567871,   3.917969,       286
  0.000,0,   0.816406,  -0.695801,   3.853516,       287
  0.000,0,   0.937988,  -0.787598,   3.865234,       288
  0.000,0,   1.013184,  -0.940430,   3.902344,       289
  0.000,0,   1.040527,  -1.016602,   3.994629,       290
  0.000,0,   0.979004,  -1.016113,   3.999878,       291
  0.000,0,   0.904785,  -0.935547,   3.999878,       292
  0.000,0,   0.766602,  -0.810547,   3.999878,       293
  0.000,0,   0.652344,  -0.773926,   3.999878,       294
  0.000,0,   0.463867,  -0.708008,   3.999878,       295
  0.000,0,   0.328613,  -0.621094,   3.999878,       296
  0.000,0,   0.208496,  -0.504883,   3.999878,       297
  0.000,0,   0.142578,  -0.382812,   3.999878,       298
  0.000,0,   0.119141,  -0.390625,   3.999878,       299
  0.000,0,   0.144043,  -0.429199,   3.999878,       300
  0.000,0,   0.216309,  -0.473633,   3.999878,       301
  0.000,0,   0.370117,  -0.570801,   3.999878,       302
  0.000,0,   0.478516,  -0.632324,   3.999878,       303
  0.000,0,   0.610840,  -0.728516,   3.999878,       304
  0.000,0,   0.632812,  -0.848633,   3.999878,       305
  0.000,0,   0.639648,  -0.950684,   3.999878,       306
  0.000,0,   0.597656,  -0.972656,   3.999878,       307
  0.000,0,   0.515625,  -0.895996,   3.999878,       308
  0.000,0,   0.458984,  -0.781738,   3.999878,       309
  0.000,0,   0.321289,  -0.625488,   3.999878,       310
  0.000,0,   0.212891,  -0.491699,   3.999878,       311
  0.000,0,   0.097656,  -0.333008,   3.999878,       312
  0.000,0,   0.009277,  -0.200684,   3.999878,       313
  0.000,0,  -0.032715,  -0.094238,   3.999878,       314
  0.000,0,  -0.050781,  -0.080566,   3.999878,       315
  0.000,0,  -0.039551,  -0.104492,   3.999878,       316
  0.000,0,  -0.021484,  -0.139648,   3.999878,       317
  0.000,0,   0.080078,  -0.180176,   3.999878,       318
  0.000,0,   0.144531,  -0.250000,   3.999878,       319
  0.000,0,   0.210449,  -0.333008,   3.999878,       320
  0.000,0,   0.257324,  -0.408203,   3.985352,       321
  0.000,0,   0.278809,  -0.524902,   3.932129,       322
  0.000,0,   0.158691,  -0.725586,   3.920410,       323
  0.000,0,   0.095703,  -0.928223,   3.845215,       324
  0.000,0,  -0.043945,  -1.013184,   3.800293,       325
  0.000,0,  -0.148438,  -0.950195,   3.706055,       326
  0.000,0,  -0.253906,  -0.842285,   3.630371,       327
  0.000,0,  -0.343750,  -0.756836,   3.522949,       328
  0.000,0,  -0.350586,  -0.630859,   3.320312,       329
  0.000,0,  -0.354980,  -0.527344,   3.180664,       330
  0.000,0,  -0.338867,  -0.439453,   2.996094,       331
  0.000,0,  -0.336914,  -0.397461,   2.934570,       332
  0.000,0,  -0.318359,  -0.511719,   2.989258,       333
  0.000,0,  -0.251465,  -0.613281,   3.054199,       334
  0.000,0,  -0.199707,  -0.709961,   3.137207,       335
  0.000,0,  -0.130371,  -0.835938,   3.133301,       336
  0.000,0,  -0.172363,  -0.909180,   3.184082,       337
  0.000,0,  -0.105469,  -0.989258,   3.155273,       338
  0.000,0,  -0.065430,  -0.979004,   3.114258,       339
  0.000,0,   0.030762,  -0.871094,   2.892090,       340
  0.000,0,   0.187012,  -0.817871,   2.664062,       341
  0.000,0,   0.171875,  -0.609375,   2.406738,       342
  0.000,0,  -0.034668,  -0.601562,   2.352539,       343
  0.000,0,   0.115234,  -0.496094,   2.092285,       344
  0.000,0,  -0.083984,  -0.224121,   1.947266,       345
  0.000,0,   0.485840,  -0.159180,   1.310059,       346
  0.000,0,  -0.222656,   0.149902,   1.660156,       347
  0.000,0,   0.044434,   0.069336,   1.366211,       348
  0.000,0,   0.109863,   0.251953,   1.201172,       349
  0.000,0,   0.116211,   0.392578,   1.068359,       350
  0.000,0,  -0.109863,   0.373535,   1.326660,       351
  0.000,0,  -0.039551,   0.199219,   1.351562,       352
  0.000,0,  -0.716309,   0.200684,   2.134766,       353
  0.000,0,  -0.895020,   0.172852,   2.345703,       354
  0.000,0,  -0.470703,   0.189453,   1.967773,       355
  0.000,0,  -0.450684,   0.224609,   2.028809,       356
  0.000,0,  -0.602539,   0.297363,   2.184570,       357
  0.000,0,  -0.516602,   0.354004,   2.034180,       358
  0.000,0,  -0.489258,   0.407227,   1.958008,       359
  0.000,0,  -0.401855,   0.489746,   1.723633,       360
  0.000,0,  -0.111816,   0.484863,   1.327637,       361
  0.000,0,  -0.009277,   0.489746,   1.169922,       362
  0.000,0,   0.167969,   0.562988,   0.920898,       363
  0.000,0,  -0.088379,   0.576172,   1.187012,       364
  0.000,0,   0.353027,   0.550293,   0.770996,       365
  0.000,0,   0.183105,   0.665039,   0.967285,       366
  0.000,0,   0.145508,   0.596191,   1.152832,       367
  0.000,0,   0.022949,   0.534180,   1.472168,       368
  0.000,0,  -0.326660,   0.442871,   1.765137,       369
  0.000,0,  -0.550781,   0.261230,   1.850098,       370
  0.000,0,   0.242676,   0.218750,   0.984375,       371
  0.000,0,  -0.031738,   0.340820,   1.238281,       372
  0.000,0,  -0.562012,   0.466309,   1.531250,       373
  0.000,0,  -0.091797,   0.325195,   1.275879,       374
  0.000,0,  -0.115234,   0.602051,   0.967773,       375
  0.000,0,   0.475586,   0.562500,   0.512695,       376
  0.000,0,   1.169434,   0.450684,   0.242676,       377
  0.000,0,   1.185059,   0.329590,   0.485352,       378
  0.000,0,   0.833496,   0.076172,   1.020508,       379
  0.000,0,   0.553223,  -0.173340,   1.351074,       380
  0.000,0,   0.764648,  -0.283691,   1.242188,       381
  0.000,0,   0.678223,  -0.225586,   1.355469,       382
  0.000,0,   0.785156,  -0.102539,   1.198242,       383
  0.000,0,   0.960938,  -0.072754,   0.989258,       384
  0.000,0,   0.751465,  -0.108398,   1.186523,       385
  0.000,0,   0.783691,  -0.123047,   0.960449,       386
  0.000,0,   0.764160,  -0.159668,   0.792480,       387
  0.000,0,   0.803223,  -0.178223,   0.602539,       388
  0.000,0,   0.751953,  -0.099121,   0.593750,       389
  0.000,0,   0.562988,  -0.017090,   0.708984,       390
  0.000,0,   0.400879,  -0.004883,   0.788574,       391
  0.000,0,   0.129395,   0.021484,   1.006836,       392
  0.000,0,  -0.080078,   0.039551,   1.129883,       393
  0.000,0,  -0.156250,   0.082031,   1.080078,       394
  0.000,0,  -0.189941,   0.166504,   0.994629,       395
  0.000,0,  -0.185059,   0.268555,   0.886719,       396
  0.000,0,  -0.117188,   0.318359,   0.674805,       397
  0.000,0,  -0.047363,   0.323730,   0.534668,       398
  0.000,0,   0.042969,   0.303223,   0.369629,       399
  0.000,0,   0.138184,   0.262207,   0.324219,       400
  0.000,0,   0.230957,   0.174805,   0.293945,       401
  0.000,0,   0.336914,   0.068848,   0.320312,       402
  0.000,0,   0.433105,  -0.086914,   0.418457,       403
  0.000,0,   0.432129,  -0.234375,   0.549316,       404
  0.000,0,   0.416992,  -0.358887,   0.738770,       405
  0.000,0,   0.384766,  -0.398438,   0.833496,       406
  0.000,0,   0.274902,  -0.462402,   0.989746,       407
  0.000,0,   0.229980,  -0.386230,   0.897949,       408
  0.000,0,   0.329590,  -0.351562,   0.863281,       409
  0.000,0,   0.344727,  -0.376953,   0.820801,       410
  0.000,0,   0.285156,  -0.421387,   0.817383,       411
  0.000,0,   0.263184,  -0.283691,   0.774902,       412
  0.000,0,   0.158691,  -0.125977,   0.830566,       413
  0.000,0,   0.157715,  -0.014160,   0.716309,       414
  0.000,0,   0.112793,   0.097656,   0.631836,       415
  0.000,0,   0.124512,   0.156250,   0.507812,       416
  0.000,0,   0.099609,   0.215332,   0.458008,       417
  0.000,0,   0.018066,   0.211426,   0.456055,       418
  0.000,0,   0.012695,   0.172363,   0.398438,       419
  0.000,0,  -0.009277,   0.127930,   0.452637,       420
  0.000,0,  -0.075684,   0.058105,   0.523926,       421
  0.000,0,  -0.040527,   0.008789,   0.489258,       422
  0.000,0,  -0.021484,  -0.013672,   0.451660,       423
  0.000,0,  -0.047852,  -0.031250,   0.476074,       424
  0.000,0,   0.008789,  -0.040039,   0.346680,       425
  0.000,0,   0.090820,   0.004395,   0.209961,       426
  0.000,0,   0.159180,   0.034668,   0.111816,       427
  0.000,0,   0.204102,   0.119629,   0.025391,       428
  0.000,0,   0.210938,   0.164551,   0.020508,       429
  0.000,0,   0.252441,   0.190918,  -0.006348,       430
  0.000,0,   0.306641,   0.178711,  -0.020996,       431
  0.000,0,   0.368652,   0.178223,  -0.105469,       432
  0.000,0,   0.429688,   0.202148,  -0.224121,       433
  0.000,0,   0.447754,   0.243652,  -0.354980,       434
  0.000,0,   0.451172,   0.268555,  -0.387695,       435
  0.000,0,   0.446289,   0.292480,  -0.490234,       436
  0.000,0,   0.465820,   0.373535,  -0.581543,       437
  0.000,0,   0.437500,   0.471191,  -0.647461,       438
  0.000,0,   0.402832,   0.498535,  -0.672852,       439
  0.000,0,   0.387695,   0.432617,  -0.708496,       440
  0.000,0,   0.349121,   0.384766,  -0.666504,       441
  0.000,0,   0.297852,   0.404297,  -0.579102,       442
  0.000,0,   0.270508,   0.417480,  -0.509277,       443
  0.000,0,   0.278320,   0.364258,  -0.452637,       444
  0.000,0,   0.291016,   0.246094,  -0.457031,       445
  0.000,0,   0.346191,   0.166016,  -0.491211,       446
  0.000,0,   0.411621,   0.150391,  -0.564453,       447
  0.000,0,   0.474609,   0.190430,  -0.576660,       448
  0.000,0,   0.488281,   0.196289,  -0.538086,       449
  0.000,0,   0.493652,   0.140625,  -0.458008,       450
  0.000,0,   0.476562,   0.087402,  -0.399902,       451
  0.000,0,   0.437500,   0.035645,  -0.362793,       452
  0.000,0,   0.429199,   0.042480,  -0.413086,       453
  0.000,0,   0.455078,   0.088379,  -0.490723,       454
  0.000,0,   0.451172,   0.152344,  -0.500977,       455
  0.000,0,   0.426758,   0.178223,  -0.446289,       456
  0.000,0,   0.406250,   0.152344,  -0.431641,       457
  0.000,0,   0.430664,   0.050293,  -0.406250,       458
  0.000,0,   0.478027,   0.006836,  -0.401367,       459
  0.000,0,   0.557617,  -0.039062,  -0.332520,       460
  0.000,0,   0.681641,  -0.068848,  -0.302246,       461
  0.000,0,   0.794434,  -0.123047,  -0.342285,       462
  0.000,0,   0.929199,  -0.187012,  -0.335938,       463
  0.000,0,   1.071289,  -0.229492,  -0.372070,       464
  0.000,0,   1.159180,  -0.233398,  -0.380371,       465
  0.000,0,   1.217773,  -0.210449,  -0.348145,       466
  0.000,0,   1.243164,  -0.178711,  -0.330566,       467
  0.000,0,   1.227051,  -0.167969,  -0.245117,       468
  0.000,0,   1.195801,  -0.194336,  -0.164551,       469
  0.000,0,   1.314941,  -0.406250,  -0.009766,       470
  0.000,0,   1.044434,  -0.760254,   0.816895,       471
  0.000,0,   1.456055,   0.000488,  -0.654297,       472
  0.000,0,   0.368652,  -0.222656,   0.384277,       473
  0.000,0,   1.242676,  -0.322266,  -0.114258,       474
  0.000,0,   0.752441,  -0.267090,   0.414551,       475
  0.000,0,   0.820312,  -0.295898,   0.175293,       476
  0.000,0,   0.745605,  -0.278809,  -0.009766,       477
  0.000,0,   0.854980,  -0.238281,  -0.163086,       478
  0.000,0,   0.991211,  -0.032715,  -0.392090,       479
  0.000,0,   0.775879,   0.162109,  -0.256836,       480
  0.000,0,   0.972656,   0.278809,  -0.441406,       481
  0.000,0,   0.743652,   0.273926,  -0.161133,       482
  0.000,0,   0.987793,   0.264160,  -0.342285,       483
  0.000,0,   0.708496,   0.238770,  -0.006348,       484
  0.000,0,   0.965820,   0.212891,  -0.143066,       485
  0.000,0,   0.817383,   0.180176,   0.140137,       486
  0.000,0,   0.981934,   0.180664,   0.087891,       487
  0.000,0,   0.888672,   0.157715,   0.269531,       488
  0.000,0,   0.849121,   0.124512,   0.432129,       489
  0.000,0,   0.863281,   0.069336,   0.476074,       490
  0.000,0,   0.659668,   0.020020,   0.820312,       491
  0.000,0,   0.668945,  -0.029297,   0.958008,       492
  0.000,0,   0.573242,  -0.130371,   1.190918,       493
  0.000,0,   0.646484,  -0.146973,   1.163086,       494
  0.000,0,   0.622559,  -0.134766,   1.241211,       495
  0.000,0,   0.593750,  -0.093750,   1.268555,       496
  0.000,0,   0.612793,  -0.126465,   1.089355,       497
  0.000,0,   0.638672,  -0.289062,   0.771484,       498
  0.000,0,   0.863281,  -0.472656,   0.018555,       499
  0.000,0,   1.020996,  -0.463867,  -0.447266,       500
  0.000,0,   1.158203,  -0.080566,  -0.763184,       501
  0.000,0,   1.081055,   0.378906,  -0.682129,       502
  0.000,0,   0.860352,   0.880859,  -0.350586,       503
  0.000,0,   0.510742,   1.062012,   0.063477,       504
  0.000,0,   0.216797,   1.037109,   0.459961,       505
  0.000,0,  -0.140137,   0.902832,   0.933594,       506
  0.000,0,  -0.302734,   0.775879,   1.218262,       507
  0.000,0,  -0.381348,   0.693359,   1.497559,       508
  0.000,0,  -0.309570,   0.614258,   1.641602,       509
  0.000,0,  -0.118652,   0.474609,   1.685059,       510
  0.000,0,   0.072754,   0.339844,   1.679688,       511
  0.000,0,   0.327148,   0.225586,   1.611328,       512
  0.000,0,   0.449219,   0.182617,   1.615723,       513
  0.000,0,   0.497559,   0.136719,   1.699219,       514
  0.000,0,   0.492188,   0.062012,   1.810059,       515
  0.000,0,   0.476074,  -0.094238,   1.797852,       516
  0.000,0,   0.518066,  -0.307617,   1.488281,       517
  0.000,0,   0.667969,  -0.592773,   0.777344,       518
  0.000,0,   0.799805,  -0.669922,   0.305176,       519
  0.000,0,   1.096680,  -0.433105,  -0.271484,       520
  0.000,0,   1.164062,  -0.104004,  -0.450195,       521
  0.000,0,   1.188965,   0.343262,  -0.617188,       522
  0.000,0,   0.997070,   0.585938,  -0.490234,       523
  0.000,0,   0.671387,   0.682129,  -0.248047,       524
  0.000,0,   0.294434,   0.599609,   0.166016,       525
  0.000,0,  -0.313477,   0.409668,   0.980957,       526
  0.000,0,  -0.397949,   0.287109,   1.303711,       527
  0.000,0,  -0.566406,   0.204102,   1.808105,       528
  0.000,0,  -0.633301,   0.197266,   2.132324,       529
  0.000,0,  -0.560547,   0.158691,   2.331055,       530
  0.000,0,  -0.477051,   0.077637,   2.444336,       531
  0.000,0,  -0.334961,  -0.063477,   2.499023,       532
  0.000,0,  -0.169922,  -0.274902,   2.460938,       533
  0.000,0,  -0.018555,  -0.403320,   2.234863,       534
  0.000,0,   0.208008,  -0.569336,   1.660645,       535
  0.000,0,   0.404785,  -0.672852,   1.185059,       536
  0.000,0,   0.501953,  -0.651367,   0.875488,       537
  0.000,0,   0.480957,  -0.519531,   0.823242,       538
  0.000,0,   0.425293,  -0.293945,   0.929688,       539
  0.000,0,   0.378906,  -0.176758,   1.043945,       540
  0.000,0,   0.247070,  -0.151367,   1.200195,       541
  0.000,0,   0.108887,  -0.150879,   1.311523,       542
  0.000,0,   0.026855,  -0.130371,   1.337891,       543
  0.000,0,  -0.098633,  -0.072266,   1.428711,       544
  0.000,0,  -0.218262,  -0.059082,   1.598145,       545
  0.000,0,  -0.366211,  -0.034668,   1.803223,       546
  0.000,0,  -0.425293,  -0.049316,   2.061035,       547
  0.000,0,  -0.395508,  -0.207031,   1.959961,       548
  0.000,0,  -0.382324,  -0.363281,   2.024902,       549
  0.000,0,  -0.277344,  -0.494141,   1.966309,       550
  0.000,0,  -0.144531,  -0.505371,   1.909180,       551
  0.000,0,  -0.139160,  -0.388184,   2.135254,       552
  0.000,0,  -0.112793,  -0.380371,   2.175781,       553
  0.000,0,  -0.143555,  -0.315918,   2.315430,       554
  0.000,0,  -0.199707,  -0.258301,   2.504395,       555
  0.000,0,  -0.243164,  -0.202637,   2.606934,       556
  0.000,0,  -0.253906,  -0.109375,   2.695312,       557
  0.000,0,  -0.286133,  -0.094727,   2.771484,       558
  0.000,0,  -0.337891,  -0.208984,   2.929199,       559
  0.000,0,  -0.381348,  -0.387207,   2.993652,       560
  0.000,0,  -0.362305,  -0.550293,   2.866699,       561
  0.000,0,  -0.280273,  -0.645996,   2.580566,       562
  0.000,0,  -0.041504,  -0.698242,   1.996094,       563
  0.000,0,   0.222656,  -0.671875,   1.460938,       564
  0.000,0,   0.520508,  -0.551758,   1.078125,       565
  0.000,0,   0.717285,  -0.516113,   0.996094,       566
  0.000,0,   0.925293,  -0.544434,   1.139160,       567
  0.000,0,   1.056152,  -0.572266,   1.267090,       568
  0.000,0,   1.222168,  -0.633789,   1.483398,       569
  0.000,0,   1.107422,  -0.664062,   1.710938,       570
  0.000,0,   0.915527,  -0.689453,   2.050293,       571
  0.000,0,   0.579590,  -0.680176,   2.479980,       572
  0.000,0,   0.317871,  -0.648926,   2.838867,       573
  0.000,0,   0.111816,  -0.596191,   3.133789,       574
  0.000,0,  -0.123047,  -0.573242,   3.471191,       575
  0.000,0,  -0.004395,  -0.803223,   3.688477,       576
  0.000,0,  -0.500000,  -0.819336,   3.999878,       577
  0.000,0,  -0.752930,  -0.926758,   3.999878,       578
  0.000,0,  -1.853516,  -0.691895,   3.999878,       579
  0.000,0,   0.500488,  -1.604980,   3.362793,       580
  0.000,0,   0.801270,  -1.938477,   3.999878,       581
  0.000,0,  -0.903320,  -1.245117,   3.999878,       582
  0.000,0,  -0.500977,  -1.336914,   3.999878,       583
  0.000,0,  -0.389160,  -1.455078,   3.999878,       584
  0.000,0,   0.511230,  -1.318359,   3.784180,       585
  0.000,0,   0.655273,  -0.938965,   3.767578,       586
  0.000,0,   0.470215,  -0.874023,   3.999878,       587
  0.000,0,   0.235352,  -1.042480,   3.999878,       588
  0.000,0,  -0.066895,  -1.239746,   3.999878,       589
  0.000,0,  -0.163086,  -1.498047,   3.999878,       590
  0.000,0,  -0.151855,  -1.675781,   3.999878,       591
  0.000,0,  -0.154785,  -1.792480,   3.999878,       592
  0.000,0,  -0.107422,  -1.785156,   3.999878,       593
  0.000,0,  -0.121582,  -1.735352,   3.999878,       594
  0.000,0,  -0.117676,  -1.665527,   3.999878,       595
  0.000,0,  -0.135254,  -1.511719,   3.999878,       596
  0.000,0,  -0.127441,  -1.434570,   3.999878,       597
  0.000,0,  -0.048828,  -1.360352,   3.999878,       598
  0.000,0,   0.032715,  -1.360352,   3.999878,       599
  0.000,0,   0.069824,  -1.387207,   3.999878,       600
  0.000,0,   0.096680,  -1.412598,   3.999878,       601
  0.000,0,   0.079590,  -1.347168,   3.999878,       602
  0.000,0,   0.057129,  -1.230469,   3.999878,       603
  0.000,0,   0.029785,  -1.130859,   3.999878,       604
  0.000,0,  -0.005859,  -1.093262,   3.999878,       605
  0.000,0,  -0.042480,  -0.971191,   3.999878,       606
  0.000,0,  -0.097168,  -0.798340,   3.999878,       607
  0.000,0,  -0.208984,  -0.515137,   3.999878,       608
  0.000,0,  -0.344238,  -0.378418,   3.999878,       609
  0.000,0,  -0.395020,  -0.495117,   3.999878,       610
  0.000,0,  -0.437500,  -0.599121,   3.999878,       611
  0.000,0,  -0.494629,  -0.522461,   3.999878,       612
  0.000,0,  -0.490723,  -0.373535,   3.999878,       613
  0.000,0,  -0.395508,  -0.225098,   3.991699,       614
  0.000,0,  -0.200684,  -0.284668,   3.867676,       615
  0.000,0,  -0.083008,  -0.472168,   3.719238,       616
  0.000,0,   0.049805,  -0.661621,   3.646484,       617
  0.000,0,   0.062988,  -0.828125,   3.654785,       618
  0.000,0,   0.125977,  -0.906738,   3.593750,       619
  0.000,0,   0.170898,  -0.923828,   3.490723,       620
  0.000,0,   0.215820,  -0.877930,   3.257324,       621
  0.000,0,   0.214844,  -0.823730,   3.012695,       622
  0.000,0,   0.189941,  -0.694824,   2.668457,       623
  0.000,0,   0.147949,  -0.539062,   2.396484,       624
  0.000,0,  -0.030762,  -0.271973,   2.234863,       625
  0.000,0,  -0.207031,  -0.131348,   2.184082,       626
  0.000,0,  -0.599609,  -0.177246,   2.396484,       627
  0.000,0,  -0.982422,  -0.345215,   2.718262,       628
  0.000,0,  -1.408691,  -0.478027,   3.270020,       629
  0.000,0,  -1.633789,  -0.622559,   3.807129,       630
  0.000,0,  -1.718262,  -0.888672,   3.999878,       631
  0.000,0,  -1.603516,  -1.000977,   3.999878,       632
  0.000,0,  -1.341797,  -0.985840,   3.999878,       633
  0.000,0,  -1.012207,  -0.926758,   3.999878,       634
  0.000,0,  -0.595703,  -0.958496,   3.858398,       635
  0.000,0,  -0.270996,  -1.103516,   3.489258,       636
  0.000,0,   0.036621,  -1.321777,   2.968750,       637
  0.000,0,   0.249023,  -1.404785,   2.587402,       638
  0.000,0,   0.397949,  -1.358887,   2.163574,       639
  0.000,0,   0.447266,  -1.268066,   1.912109,       640
  0.000,0,   0.399414,  -1.082520,   1.665527,       641
  0.000,0,   0.215332,  -0.906250,   1.557617,       642
  0.000,0,  -0.031250,  -0.689453,   1.482910,       643
  0.000,0,  -0.318848,  -0.510254,   1.539062,       644
  0.000,0,  -0.657227,  -0.219238,   1.698730,       645
  0.000,0,  -0.797363,   0.000977,   1.719727,       646
  0.000,0,  -1.147461,   0.132812,   1.902832,       647
  0.000,0,  -1.416016,   0.139160,   2.176758,       648
  0.000,0,  -1.449219,   0.108887,   2.503418,       649
  0.000,0,  -1.255371,   0.020996,   2.720703,       650
  0.000,0,  -0.875000,  -0.428711,   2.872070,       651
  0.000,0,  -0.412109,  -0.937012,   2.706055,       652
  0.000,0,   0.032227,  -1.456055,   2.514648,       653
  0.000,0,   0.306152,  -1.705566,   2.359375,       654
  0.000,0,   0.606934,  -1.858887,   2.052734,       655
  0.000,0,   0.881836,  -1.963379,   1.725586,       656
  0.000,0,   0.974609,  -2.000000,   1.246582,       657
  0.000,0,   1.118164,  -2.018066,   0.777344,       658
  0.000,0,   1.010742,  -1.862793,   0.437500,       659
  0.000,0,   0.664062,  -1.541016,   0.596680,       660
  0.000,0,   0.189941,  -0.926270,   0.820801,       661
  0.000,0,  -0.158203,  -0.514160,   1.083984,       662
  0.000,0,  -0.663086,  -0.207520,   1.414062,       663
  0.000,0,  -0.979492,  -0.121094,   1.629395,       664
  0.000,0,  -1.198730,  -0.020020,   1.777344,       665
  0.000,0,  -1.237793,   0.036621,   1.795410,       666
  0.000,0,  -1.130859,   0.041504,   1.792480,       667
  0.000,0,  -0.967285,  -0.016113,   1.745117,       668
  0.000,0,  -0.738770,  -0.130859,   1.743652,       669
  0.000,0,  -0.527344,  -0.281738,   1.752441,       670
  0.000,0,  -0.258789,  -0.514160,   1.688477,       671
  0.000,0,  -0.049805,  -0.672852,   1.625977,       672
  0.000,0,   0.162598,  -0.751465,   1.514648,       673
  0.000,0,   0.305176,  -0.763672,   1.469727,       674
  0.000,0,   0.395020,  -0.759277,   1.446777,       675
  0.000,0,   0.353516,  -0.753418,   1.538086,       676
  0.000,0,   0.190430,  -0.745605,   1.713379,       677
  0.000,0,   0.034668,  -0.698730,   1.864746,       678
  0.000,0,  -0.101074,  -0.681152,   1.862305,       679
  0.000,0,  -0.171875,  -0.670410,   1.655762,       680
  0.000,0,  -0.090820,  -0.554688,   1.301270,       681
  0.000,0,  -0.166504,  -0.381348,   1.343262,       682
  0.000,0,  -0.175293,  -0.139648,   1.247559,       683
  0.000,0,  -0.134277,   0.001953,   1.133789,       684
  0.000,0,  -0.150391,   0.094727,   1.024902,       685
  0.000,0,  -0.177734,   0.169434,   1.002441,       686
  0.000,0,  -0.233398,   0.229980,   1.001953,       687
  0.000,0,  -0.265625,   0.281738,   0.922363,       688
  0.000,0,  -0.308105,   0.379395,   0.854492,       689
  0.000,0,  -0.264648,   0.414062,   0.701172,       690
  0.000,0,  -0.241211,   0.425293,   0.619629,       691
  0.000,0,  -0.216797,   0.415039,   0.583008,       692
  0.000,0,  -0.190430,   0.392578,   0.566895,       693
  0.000,0,  -0.143555,   0.328613,   0.646973,       694
  0.000,0,  -0.107422,   0.252930,   0.759766,       695
  0.000,0,   0.064453,   0.128906,   0.873047,       696
  0.000,0,   0.190918,   0.001465,   0.938477,       697
  0.000,0,   0.293457,  -0.100586,   1.101562,       698
  0.000,0,   0.355469,  -0.168945,   1.220703,       699
  0.000,0,   0.429688,  -0.311523,   1.180664,       700
  0.000,0,   0.508301,  -0.381348,   1.085938,       701
  0.000,0,   0.580566,  -0.344727,   0.975586,       702
  0.000,0,   0.609375,  -0.273926,   0.895996,       703
  0.000,0,   0.560059,  -0.134277,   0.809082,       704
  0.000,0,   0.500000,  -0.018066,   0.717285,       705
  0.000,0,   0.408691,   0.122559,   0.577148,       706
  0.000,0,   0.283203,   0.167480,   0.561523,       707
  0.000,0,   0.144531,   0.152832,   0.573242,       708
  0.000,0,   0.108398,   0.134277,   0.529785,       709
  0.000,0,   0.144043,   0.046387,   0.402832,       710
  0.000,0,   0.216797,   0.040527,   0.285156,       711
  0.000,0,   0.286621,   0.092773,   0.261719,       712
  0.000,0,   0.271973,   0.171875,   0.415039,       713
  0.000,0,   0.294434,   0.194824,   0.587402,       714
  0.000,0,   0.345215,   0.117188,   0.839355,       715
  0.000,0,   0.354492,  -0.032715,   1.025879,       716
  0.000,0,   0.436035,  -0.270020,   1.169922,       717
  0.000,0,   0.481445,  -0.413086,   1.255371,       718
  0.000,0,   0.572754,  -0.529785,   1.314453,       719
  0.000,0,   0.633789,  -0.541504,   1.243652,       720
  0.000,0,   0.764160,  -0.532227,   1.039551,       721
  0.000,0,   0.820801,  -0.477051,   0.818848,       722
  0.000,0,   0.760742,  -0.375000,   0.632812,       723
  0.000,0,   0.666504,  -0.271484,   0.526367,       724
  0.000,0,   0.494629,  -0.111816,   0.416504,       725
  0.000,0,   0.373535,  -0.045410,   0.357910,       726
  0.000,0,   0.232422,   0.020996,   0.267578,       727
  0.000,0,   0.195312,   0.067383,   0.135254,       728
  0.000,0,   0.132812,   0.154297,   0.069336,       729
  0.000,0,   0.101074,   0.185059,   0.042969,       730
  0.000,0,   0.074707,   0.201172,   0.001953,       731
  0.000,0,   0.071289,   0.197754,  -0.011230,       732
  0.000,0,   0.036133,   0.250488,   0.014648,       733
  0.000,0,   0.025879,   0.297363,   0.036133,       734
  0.000,0,   0.031250,   0.313965,   0.035645,       735
  0.000,0,   0.026855,   0.299316,   0.052246,       736
  0.000,0,   0.011719,   0.274414,   0.114258,       737
  0.000,0,   0.008301,   0.242676,   0.154297,       738
  0.000,0,   0.005371,   0.189453,   0.182617,       739
  0.000,0,   0.030762,   0.166992,   0.143555,       740
  0.000,0,   0.112305,   0.154297,   0.002930,       741
  0.000,0,   0.169434,   0.170410,  -0.053223,       742
  0.000,0,   0.206543,   0.220215,  -0.108887,       743
  0.000,0,   0.225586,   0.229492,  -0.130371,       744
  0.000,0,   0.239258,   0.211914,  -0.215332,       745
  0.000,0,   0.278809,   0.192871,  -0.260254,       746
  0.000,0,   0.329102,   0.217285,  -0.361328,       747
  0.000,0,   0.373535,   0.238281,  -0.468262,       748
  0.000,0,   0.418457,   0.321289,  -0.572754,       749
  0.000,0,   0.423828,   0.395508,  -0.604004,       750
  0.000,0,   0.389648,   0.484863,  -0.677734,       751
  0.000,0,   0.315918,   0.544434,  -0.684082,       752
  0.000,0,   0.239258,   0.551758,  -0.669922,       753
  0.000,0,   0.133789,   0.566895,  -0.529785,       754
  0.000,0,   0.098633,   0.596191,  -0.472656,       755
  0.000,0,   0.050293,   0.642090,  -0.369629,       756
  0.000,0,   0.024902,   0.647949,  -0.290039,       757
  0.000,0,   0.069336,   0.601562,  -0.230957,       758
  0.000,0,   0.148438,   0.511230,  -0.208008,       759
  0.000,0,   0.284180,   0.382324,  -0.204590,       760
  0.000,0,   0.431152,   0.307129,  -0.270996,       761
  0.000,0,   0.607910,   0.188477,  -0.278320,       762
  0.000,0,   0.651367,   0.119141,  -0.169434,       763
  0.000,0,   0.685547,   0.115723,  -0.122070,       764
  0.000,0,   0.979004,   0.008301,  -0.325684,       765
  0.000,0,   0.975098,  -0.067871,  -0.131348,       766
  0.000,0,   0.816406,  -0.152832,   0.092773,       767
  0.000,0,   0.838379,  -0.162109,   0.125000,       768
  0.000,0,   0.886230,  -0.159668,   0.070801,       769
  0.000,0,   0.876465,  -0.128418,   0.076172,       770
  0.000,0,   0.886719,  -0.101562,   0.044922,       771
  0.000,0,   0.838867,  -0.084473,   0.041992,       772
  0.000,0,   0.747070,  -0.056152,   0.057617,       773
  0.000,0,   0.683594,  -0.085938,   0.000488,       774
  0.000,0,   0.670898,  -0.124023,  -0.102051,       775
  0.000,0,   0.651855,  -0.076660,  -0.098633,       776
  0.000,0,   0.661133,  -0.010254,  -0.078125,       777
  0.000,0,   0.666504,   0.088867,  -0.043457,       778
  0.000,0,   0.629395,   0.104980,  -0.015137,       779
  0.000,0,   0.624023,   0.013184,   0.021484,       780
  0.000,0,   0.705566,  -0.047852,  -0.020508,       781
  0.000,0,   0.801270,  -0.078125,  -0.049316,       782
  0.000,0,   0.891113,  -0.079590,  -0.031250,       783
  0.000,0,   0.975586,  -0.043457,   0.002930,       784
  0.000,0,   1.026855,  -0.048828,   0.021973,       785
  0.000,0,   1.049316,  -0.088379,   0.063477,       786
  0.000,0,   1.004395,  -0.055664,   0.144043,       787
  0.000,0,   0.942383,  -0.074219,   0.250977,       788
  0.000,0,   0.869629,  -0.109863,   0.319336,       789
  0.000,0,   0.777344,  -0.109863,   0.460938,       790
  0.000,0,   0.708984,  -0.078125,   0.542480,       791
  0.000,0,   0.647949,  -0.007812,   0.558594,       792
  0.000,0,   0.590332,  -0.001953,   0.527832,       793
  0.000,0,   0.592285,  -0.071777,   0.351074,       794
  0.000,0,   0.601562,  -0.095703,   0.187988,       795
  0.000,0,   0.608398,  -0.057129,   0.099609,       796
  0.000,0,   0.590820,   0.036133,   0.123535,       797
  0.000,0,   0.722656,   0.121582,   0.100586,       798
  0.000,0,   0.883789,   0.248535,  -0.168457,       799
  0.000,0,  -0.193848,  -0.056641,   1.356934,       800
  0.000,0,  -0.602051,   0.019043,   1.615723,       801
  0.000,0,   0.041016,   0.087402,   0.870117,       802
  0.000,0,   0.289551,   0.141113,   0.798828,       803
  0.000,0,   0.118652,   0.224121,   1.267578,       804
  0.000,0,   0.219238,   0.378906,   1.235352,       805
  0.000,0,   0.127930,   0.473633,   1.234863,       806
  0.000,0,   0.220215,   0.397461,   0.967285,       807
  0.000,0,   0.452637,   0.369629,   0.587402,       808
  0.000,0,   0.530762,   0.446289,   0.406250,       809
  0.000,0,   0.596680,   0.521484,   0.336426,       810
  0.000,0,   0.559570,   0.599609,   0.446777,       811
  0.000,0,   0.456543,   0.530273,   0.590332,       812
  0.000,0,   0.393555,   0.389160,   0.724609,       813
  0.000,0,   0.356445,   0.324707,   0.861328,       814
  0.000,0,   0.306152,   0.196777,   1.015137,       815
  0.000,0,   0.355469,   0.097656,   1.057617,       816
  0.000,0,   0.402344,  -0.026855,   1.092285,       817
  0.000,0,   0.393555,  -0.110840,   1.181641,       818
  0.000,0,   0.334473,  -0.110840,   1.336914,       819
  0.000,0,   0.243164,  -0.117188,   1.517090,       820
  0.000,0,   0.206055,  -0.040527,   1.592285,       821
  0.000,0,   0.316895,   0.080566,   1.530762,       822
  0.000,0,   0.330566,   0.280273,   1.551758,       823
  0.000,0,   0.291016,   0.457520,   1.555176,       824
  0.000,0,   0.279297,   0.586426,   1.467773,       825
  0.000,0,   0.227539,   0.535156,   1.374023,       826
  0.000,0,   0.294434,   0.471680,   1.036621,       827
  0.000,0,   0.391602,   0.340820,   0.597168,       828
  0.000,0,   0.614746,   0.219727,  -0.004883,       829
  0.000,0,   0.769531,   0.244629,  -0.202637,       830
  0.000,0,   0.839844,   0.416504,  -0.127930,       831
  0.000,0,   0.826660,   0.492676,   0.163574,       832
  0.000,0,   0.666504,   0.370605,   0.762207,       833
  0.000,0,   0.473633,   0.152344,   1.266113,       834
  0.000,0,   0.258301,  -0.184082,   1.795898,       835
  0.000,0,   0.090820,  -0.429199,   2.139160,       836
  0.000,0,  -0.053711,  -0.581055,   2.403320,       837
  0.000,0,  -0.159668,  -0.488281,   2.496582,       838
  0.000,0,  -0.194336,  -0.221680,   2.430176,       839
  0.000,0,  -0.165527,  -0.005371,   2.226074,       840
  0.000,0,  -0.143066,   0.163574,   2.032715,       841
  0.000,0,  -0.263672,   0.357422,   1.931641,       842
  0.000,0,  -0.373535,   0.502930,   1.820312,       843
  0.000,0,  -0.429199,   0.482422,   1.478027,       844
  0.000,0,  -0.368164,   0.351074,   1.038574,       845
  0.000,0,  -0.196777,   0.306152,   0.642578,       846
  0.000,0,  -0.025391,   0.380371,   0.548828,       847
  0.000,0,   0.031250,   0.542480,   0.714355,       848
  0.000,0,  -0.007812,   0.564453,   1.028809,       849
  0.000,0,  -0.098145,   0.316895,   1.540039,       850
  0.000,0,  -0.229004,   0.034668,   2.012695,       851
  0.000,0,  -0.293457,  -0.245117,   2.490234,       852
  0.000,0,  -0.309082,  -0.356445,   2.742188,       853
  0.000,0,  -0.286621,  -0.389648,   2.846680,       854
  0.000,0,  -0.257324,  -0.366699,   2.848633,       855
  0.000,0,  -0.157715,  -0.310059,   2.675781,       856
  0.000,0,  -0.104980,  -0.235840,   2.563965,       857
  0.000,0,  -0.153809,  -0.096191,   2.519531,       858
  0.000,0,  -0.235352,   0.046387,   2.541016,       859
  0.000,0,  -0.377441,   0.077637,   2.593262,       860
  0.000,0,  -0.584961,   0.034668,   2.711426,       861
  0.000,0,  -0.687500,  -0.016113,   2.719727,       862
  0.000,0,  -0.732910,  -0.119629,   2.550293,       863
  0.000,0,  -0.610352,  -0.228027,   2.125000,       864
  0.000,0,  -0.335449,  -0.420410,   1.240723,       865
  0.000,0,  -0.049316,  -0.520508,   0.614258,       866
  0.000,0,   0.299316,  -0.472168,   0.068359,       867
  0.000,0,   0.505371,  -0.314941,  -0.081055,       868
  0.000,0,   0.566895,  -0.183594,   0.091309,       869
  0.000,0,   0.454590,  -0.205566,   0.502930,       870
  0.000,0,   0.091797,  -0.376465,   1.273926,       871
  0.000,0,  -0.195312,  -0.560059,   1.831055,       872
  0.000,0,  -0.445801,  -0.700195,   2.317871,       873
  0.000,0,  -0.537109,  -0.669434,   2.515625,       874
  0.000,0,  -0.571777,  -0.519043,   2.479492,       875
  0.000,0,  -0.548340,  -0.308594,   2.382812,       876
  0.000,0,  -0.591797,  -0.056152,   2.227051,       877
  0.000,0,  -0.606445,   0.041504,   2.102539,       878
  0.000,0,  -0.714355,   0.084961,   2.086426,       879
  0.000,0,  -0.838867,   0.026855,   2.140137,       880
  0.000,0,  -1.013184,  -0.035156,   2.304688,       881
  0.000,0,  -1.051270,  -0.115234,   2.311523,       882
  0.000,0,  -1.015625,  -0.273926,   2.197266,       883
  0.000,0,  -0.900879,  -0.429688,   2.051758,       884
  0.000,0,  -0.665527,  -0.580566,   1.771484,       885
  0.000,0,  -0.460449,  -0.636719,   1.570801,       886
  0.000,0,  -0.213867,  -0.668945,   1.378906,       887
  0.000,0,  -0.003418,  -0.652344,   1.204590,       888
  0.000,0,   0.154297,  -0.662598,   1.218750,       889
  0.000,0,   0.229980,  -0.679688,   1.270996,       890
  0.000,0,   0.174805,  -0.694824,   1.423828,       891
  0.000,0,   0.043457,  -0.732422,   1.594238,       892
  0.000,0,  -0.202637,  -0.709473,   1.843262,       893
  0.000,0,  -0.128418,  -0.610840,   1.805664,       894
  0.000,0,   0.195801,  -0.316406,   1.448242,       895
  0.000,0,  -0.256348,  -0.874512,   2.735352,       896
  0.000,0,  -3.284180,  -0.071289,   3.999878,       897
  0.000,0,  -0.975098,  -0.332520,   2.347656,       898
  0.000,0,   0.352051,  -0.582031,   1.668457,       899
  0.000,0,  -0.538086,  -0.743164,   2.732910,       900
  0.000,0,  -0.820312,  -0.962402,   2.913086,       901
  0.000,0,  -1.008789,  -1.090820,   2.985840,       902
  0.000,0,  -0.534668,  -1.127441,   2.758789,       903
  0.000,0,   0.384277,  -1.083008,   1.954590,       904
  0.000,0,   0.595703,  -1.106445,   1.878906,       905
  0.000,0,   0.346191,  -1.261719,   2.220703,       906
  0.000,0,   0.187988,  -1.376465,   2.499023,       907
  0.000,0,   0.020996,  -1.336914,   2.625488,       908
  0.000,0,   0.038086,  -1.262695,   2.658203,       909
  0.000,0,   0.212402,  -1.239258,   2.562012,       910
  0.000,0,   0.144531,  -1.246582,   2.743652,       911
  0.000,0,   0.017090,  -1.203125,   2.931641,       912
  0.000,0,  -0.125977,  -1.128418,   3.134277,       913
  0.000,0,  -0.300781,  -1.069336,   3.328613,       914
  0.000,0,  -0.456055,  -0.986816,   3.519531,       915
  0.000,0,  -0.531738,  -0.981934,   3.646484,       916
  0.000,0,  -0.653809,  -1.017090,   3.815918,       917
  0.000,0,  -0.708496,  -1.053223,   3.956055,       918
  0.000,0,  -0.669434,  -1.041992,   3.999878,       919
  0.000,0,  -0.616211,  -0.962402,   3.999878,       920
  0.000,0,  -0.493652,  -0.887207,   3.999878,       921
  0.000,0,  -0.340820,  -0.855957,   3.979004,       922
  0.000,0,  -0.303711,  -0.824219,   3.999512,       923
  0.000,0,  -0.293457,  -0.830566,   3.999878,       924
  0.000,0,  -0.316406,  -0.834473,   3.999878,       925
  0.000,0,  -0.388184,  -0.827637,   3.999878,       926
  0.000,0,  -0.490723,  -0.805664,   3.999878,       927
  0.000,0,  -0.614746,  -0.739746,   3.999878,       928
  0.000,0,  -0.661621,  -0.658691,   3.999878,       929
  0.000,0,  -0.716309,  -0.576172,   3.999878,       930
  0.000,0,  -0.743652,  -0.557617,   3.999878,       931
  0.000,0,  -0.741699,  -0.599609,   3.999878,       932
  0.000,0,  -0.696777,  -0.653809,   3.999878,       933
  0.000,0,  -0.619629,  -0.688477,   3.999878,       934
  0.000,0,  -0.551270,  -0.675781,   3.999878,       935
  0.000,0,  -0.425781,  -0.648438,   3.999878,       936
  0.000,0,  -0.345703,  -0.616211,   3.934570,       937
  0.000,0,  -0.263672,  -0.553223,   3.717773,       938
  0.000,0,  -0.151367,  -0.505859,   3.563477,       939
  0.000,0,  -0.191406,  -0.446777,   3.503906,       940
  0.000,0,  -0.197266,  -0.412598,   3.463379,       941
  0.000,0,  -0.244629,  -0.402832,   3.466797,       942
  0.000,0,  -0.265625,  -0.414551,   3.400879,       943
  0.000,0,  -0.371582,  -0.422852,   3.422852,       944
  0.000,0,  -0.508789,  -0.459473,   3.557129,       945
  0.000,0,  -0.667480,  -0.471191,   3.713379,       946
  0.000,0,  -0.707031,  -0.502930,   3.740234,       947
  0.000,0,  -0.627930,  -0.504883,   3.685547,       948
  0.000,0,  -0.559082,  -0.525391,   3.603516,       949
  0.000,0,  -0.465820,  -0.518066,   3.488281,       950
  0.000,0,  -0.336914,  -0.504883,   3.365723,       951
  0.000,0,  -0.263672,  -0.483398,   3.334473,       952
  0.000,0,  -0.174316,  -0.523438,   3.260254,       953
  0.000,0,   0.015625,  -0.538086,   3.076660,       954
  0.000,0,   0.231445,  -0.588379,   2.954590,       955
  0.000,0,   0.411133,  -0.638184,   2.885254,       956
  0.000,0,   0.562500,  -0.740234,   2.783691,       957
  0.000,0,   0.673828,  -0.864258,   2.687988,       958
  0.000,0,   0.774414,  -1.059570,   2.600586,       959
  0.000,0,   0.833008,  -1.151367,   2.530273,       960
  0.000,0,   0.973633,  -1.203125,   2.311035,       961
  0.000,0,   1.069336,  -1.126953,   2.101562,       962
  0.000,0,   1.114746,  -1.004395,   1.902832,       963
  0.000,0,   1.055664,  -0.979980,   1.822754,       964
  0.000,0,   0.811035,  -1.017578,   1.890625,       965
  0.000,0,   0.571289,  -1.056641,   2.045410,       966
  0.000,0,   0.253418,  -0.968262,   2.312012,       967
  0.000,0,   0.089844,  -0.856934,   2.410156,       968
  0.000,0,  -0.069336,  -0.669922,   2.488770,       969
  0.000,0,  -0.133789,  -0.582031,   2.460938,       970
  0.000,0,  -0.242676,  -0.462402,   2.441406,       971
  0.000,0,  -0.284668,  -0.463379,   2.404297,       972
  0.000,0,  -0.366699,  -0.474609,   2.361816,       973
  0.000,0,  -0.487793,  -0.445312,   2.388672,       974
  0.000,0,  -0.510254,  -0.393066,   2.369629,       975
  0.000,0,  -0.515137,  -0.352051,   2.381348,       976
  0.000,0,  -0.505859,  -0.346680,   2.427734,       977
  0.000,0,  -0.478516,  -0.334473,   2.471680,       978
  0.000,0,  -0.431641,  -0.366211,   2.486328,       979
  0.000,0,  -0.416504,  -0.462891,   2.671387,       980
  0.000,0,  -0.395996,  -0.571289,   2.844238,       981
  0.000,0,  -0.391113,  -0.623535,   3.025879,       982
  0.000,0,  -0.363281,  -0.620605,   3.070312,       983
  0.000,0,  -0.283203,  -0.584473,   2.985840,       984
  0.000,0,  -0.204590,  -0.576172,   2.883301,       985
  0.000,0,  -0.067871,  -0.535645,   2.634766,       986
  0.000,0,   0.025879,  -0.520020,   2.404297,       987
  0.000,0,   0.121094,  -0.485840,   2.131836,       988
  0.000,0,   0.134277,  -0.505371,   2.023926,       989
  0.000,0,   0.039551,  -0.596680,   2.039062,       990
  0.000,0,  -0.062012,  -0.601562,   2.092773,       991
  0.000,0,  -0.239258,  -0.579590,   2.207031,       992
  0.000,0,  -0.360840,  -0.567871,   2.312500,       993
  0.000,0,  -0.430176,  -0.559082,   2.352051,       994
  0.000,0,  -0.458984,  -0.524902,   2.301270,       995
  0.000,0,  -0.402344,  -0.461426,   2.223633,       996
  0.000,0,  -0.331543,  -0.384766,   2.125977,       997
  0.000,0,  -0.198730,  -0.297363,   1.867676,       998
  0.000,0,  -0.057129,  -0.277344,   1.690918,       999
  0.000,0,   0.038574,  -0.213867,   1.585449,      1000
  0.000,0,   0.124023,  -0.211426,   1.518066,      1001
  0.000,0,   0.176758,  -0.258789,   1.451660,      1002
  0.000,0,   0.205566,  -0.326172,   1.403320,      1003
  0.000,0,   0.194336,  -0.392578,   1.496582,      1004
  0.000,0,   0.100098,  -0.402832,   1.640625,      1005
  0.000,0,  -0.041504,  -0.363770,   1.960449,      1006
  0.000,0,  -0.168457,  -0.311523,   2.238770,      1007
  0.000,0,  -0.223145,  -0.320801,   2.354980,      1008
  0.000,0,  -0.274902,  -0.306641,   2.378906,      1009
  0.000,0,  -0.268555,  -0.294434,   2.217285,      1010
  0.000,0,  -0.233398,  -0.278320,   2.039062,      1011
  0.000,0,  -0.157715,  -0.249512,   1.796387,      1012
  0.000,0,  -0.060547,  -0.213379,   1.627441,      1013
  0.000,0,   0.057129,  -0.216797,   1.449219,      1014
  0.000,0,   0.123047,  -0.242188,   1.312988,      1015
  0.000,0,   0.152832,  -0.235840,   1.292480,      1016
  0.000,0,   0.189453,  -0.173340,   1.317383,      1017
  0.000,0,   0.269043,  -0.128906,   1.309082,      1018
  0.000,0,   0.329590,  -0.147949,   1.367188,      1019
  0.000,0,   0.309570,  -0.189453,   1.481445,      1020
  0.000,0,   0.339844,  -0.280273,   1.662598,      1021
  0.000,0,   0.319336,  -0.313965,   1.799316,      1022
  0.000,0,   0.333984,  -0.293945,   1.876953,      1023
  0.000,0,   0.376953,  -0.323242,   1.858398,      1024
  0.000,0,   0.332520,  -0.380371,   1.920898,      1025
  0.000,0,   0.196777,  -0.418457,   2.122070,      1026
  0.000,0,   0.013672,  -0.412598,   2.317871,      1027
  0.000,0,  -0.073730,  -0.387207,   2.362793,      1028
  0.000,0,  -0.070312,  -0.318359,   2.251465,      1029
  0.000,0,   0.023438,  -0.312012,   1.988281,      1030
  0.000,0,   0.057617,  -0.311035,   1.731934,      1031
  0.000,0,   0.093262,  -0.294434,   1.598145,      1032
  0.000,0,   0.165527,  -0.240234,   1.441895,      1033
  0.000,0,   0.247559,  -0.187012,   1.298828,      1034
  0.000,0,   0.334961,  -0.164551,   1.169434,      1035
  0.000,0,   0.372559,  -0.141113,   1.112793,      1036
  0.000,0,   0.394531,  -0.137207,   1.064453,      1037
  0.000,0,   0.395996,  -0.137695,   1.044922,      1038
  0.000,0,   0.368164,  -0.090332,   1.088867,      1039
  0.000,0,   0.326172,  -0.023438,   1.207031,      1040
  0.000,0,   0.276367,   0.065918,   1.318848,      1041
  0.000,0,   0.230469,   0.100098,   1.320801,      1042
  0.000,0,   0.152344,   0.151855,   1.428711,      1043
  0.000,0,  -0.009277,   0.226074,   1.603027,      1044
  0.000,0,  -0.270996,   0.259277,   1.922363,      1045
  0.000,0,  -0.491211,   0.229980,   2.215820,      1046
  0.000,0,  -0.671387,   0.195312,   2.389160,      1047
  0.000,0,  -0.707520,   0.137207,   2.382324,      1048
  0.000,0,  -0.667969,   0.066406,   2.125000,      1049
  0.000,0,  -0.542969,  -0.003418,   1.844238,      1050
  0.000,0,  -0.382324,  -0.010742,   1.485352,      1051
  0.000,0,  -0.287109,   0.067383,   1.294922,      1052
  0.000,0,  -0.211914,   0.170410,   1.147949,      1053
  0.000,0,  -0.217773,   0.206543,   1.100098,      1054
  0.000,0,  -0.280273,   0.138184,   1.132812,      1055
  0.000,0,  -0.350098,   0.042969,   1.213379,      1056
  0.000,0,  -0.428711,  -0.018555,   1.260742,      1057
  0.000,0,  -0.487793,  -0.034668,   1.245117,      1058
  0.000,0,  -0.539062,   0.050781,   1.188477,      1059
  0.000,0,  -0.566406,   0.215820,   1.011230,      1060
  0.000,0,  -0.555176,   0.297852,   0.860352,      1061
  0.000,0,  -0.548340,   0.385742,   0.745605,      1062
  0.000,0,  -0.572754,   0.508301,   0.760742,      1063
  0.000,0,  -0.595215,   0.617676,   0.841309,      1064
  0.000,0,  -0.583984,   0.614258,   0.982910,      1065
  0.000,0,  -0.555664,   0.484375,   1.123047,      1066
  0.000,0,  -0.528320,   0.331543,   1.168457,      1067
  0.000,0,  -0.420410,   0.111328,   1.214355,      1068
  0.000,0,  -0.247070,  -0.023926,   1.154297,      1069
  0.000,0,   0.016113,  -0.152344,   1.012695,      1070
  0.000,0,   0.228516,  -0.198242,   0.927734,      1071
  0.000,0,   0.413086,  -0.229492,   0.822266,      1072
  0.000,0,   0.523926,  -0.239746,   0.722656,      1073
  0.000,0,   0.614746,  -0.294434,   0.620117,      1074
  0.000,0,   0.645996,  -0.293457,   0.520996,      1075
  0.000,0,   0.628906,  -0.254395,   0.376953,      1076
  0.000,0,   0.584473,  -0.173340,   0.360840,      1077
  0.000,0,   0.449219,  -0.032715,   0.413086,      1078
  0.000,0,   0.327148,   0.038086,   0.475586,      1079
  0.000,0,   0.163574,   0.028809,   0.592285,      1080
  0.000,0,   0.061523,   0.005859,   0.634277,      1081
  0.000,0,   0.012207,   0.009277,   0.612305,      1082
  0.000,0,   0.010254,   0.084473,   0.541016,      1083
  0.000,0,   0.057617,   0.203125,   0.428223,      1084
  0.000,0,   0.118652,   0.238281,   0.294922,      1085
  0.000,0,   0.165039,   0.235352,   0.218750,      1086
  0.000,0,   0.144043,   0.227539,   0.207520,      1087
  0.000,0,   0.149414,   0.198242,   0.233887,      1088
  0.000,0,   0.143555,   0.208496,   0.273926,      1089
  0.000,0,   0.161621,   0.177734,   0.304199,      1090
  0.000,0,   0.209961,   0.168945,   0.293945,      1091
  0.000,0,   0.258301,   0.148926,   0.348633,      1092
  0.000,0,   0.321777,   0.133301,   0.352539,      1093
  0.000,0,   0.390137,   0.083008,   0.319336,      1094
  0.000,0,   0.452637,   0.054688,   0.303223,      1095
  0.000,0,   0.497070,   0.033203,   0.341309,      1096
  0.000,0,   0.543945,   0.038086,   0.365723,      1097
  0.000,0,   0.610840,   0.027344,   0.369629,      1098
  0.000,0,   0.671387,  -0.002930,   0.357422,      1099
  0.000,0,   0.725586,  -0.014160,   0.279785,      1100
  0.000,0,   0.753418,  -0.010742,   0.191406,      1101
  0.000,0,   0.805664,   0.008301,   0.062012,      1102
  0.000,0,   0.822266,  -0.019043,   0.000000,      1103
  0.000,0,   0.782715,  -0.020996,  -0.032715,      1104
  0.000,0,   0.679688,   0.099609,   0.008789,      1105
  0.000,0,   0.574219,   0.174805,   0.061523,      1106
  0.000,0,   0.448730,   0.258301,   0.126953,      1107
  0.000,0,   0.369629,   0.276367,   0.115723,      1108
  0.000,0,   0.274902,   0.267090,   0.145508,      1109
  0.000,0,   0.214844,   0.283203,   0.180664,      1110
  0.000,0,   0.192871,   0.364258,   0.200195,      1111
  0.000,0,   0.198242,   0.385742,   0.157715,      1112
  0.000,0,   0.219238,   0.395508,   0.124023,      1113
  0.000,0,   0.227539,   0.347656,   0.076172,      1114
  0.000,0,   0.287109,   0.273926,   0.024414,      1115
  0.000,0,   0.298340,   0.248047,   0.062500,      1116
  0.000,0,   0.341797,   0.234863,   0.093262,      1117
  0.000,0,   0.366699,   0.219238,   0.122559,      1118
  0.000,0,   0.415527,   0.137695,   0.151855,      1119
  0.000,0,   0.520508,   0.100586,   0.067383,      1120
  0.000,0,   0.568359,   0.041992,   0.011230,      1121
  0.000,0,   0.541992,  -0.018066,   0.083984,      1122
  0.000,0,   0.568848,  -0.101562,   0.051270,      1123
  0.000,0,   0.465332,  -0.134277,   0.160645,      1124
  0.000,0,   0.400879,  -0.032715,   0.172363,      1125
  0.000,0,   0.440430,   0.076660,   0.107422,      1126
  0.000,0,   0.474121,   0.201172,   0.056152,      1127
  0.000,0,   0.586426,   0.271484,  -0.018066,      1128
  0.000,0,   0.620605,   0.320312,  -0.105469,      1129
  0.000,0,   0.678711,   0.373047,  -0.195312,      1130
  0.000,0,   0.722656,   0.381836,  -0.233398,      1131
  0.000,0,   0.738770,   0.362793,  -0.290039,      1132
  0.000,0,   0.798340,   0.309570,  -0.370117,      1133
  0.000,0,   0.809082,   0.143555,  -0.398926,      1134
  0.000,0,   0.753906,   0.050781,  -0.395508,      1135
  0.000,0,   0.744629,   0.054199,  -0.414551,      1136
  0.000,0,   0.739746,   0.108887,  -0.383789,      1137
  0.000,0,   0.721191,   0.162598,  -0.271973,      1138
  0.000,0,   0.686035,   0.184082,  -0.177246,      1139
  0.000,0,   0.645020,   0.196777,  -0.073730,      1140
  0.000,0,   0.617188,   0.181152,   0.087402,      1141
  0.000,0,   0.565430,   0.125488,   0.302734,      1142
  0.000,0,   0.580566,   0.063477,   0.430664,      1143
  0.000,0,   0.582031,  -0.009277,   0.584473,      1144
  0.000,0,   0.590332,  -0.083496,   0.709961,      1145
  0.000,0,   0.594727,  -0.095215,   0.791504,      1146
  0.000,0,   0.639648,  -0.111328,   0.775879,      1147
  0.000,0,   0.666504,  -0.135254,   0.806641,      1148
  0.000,0,   0.679688,  -0.152832,   0.827637,      1149
  0.000,0,   0.662109,  -0.127441,   0.858398,      1150
  0.000,0,   0.626953,  -0.064941,   0.886230,      1151
  0.000,0,   0.591309,   0.007812,   0.868164,      1152
  0.000,0,   0.561035,   0.055664,   0.811035,      1153
  0.000,0,   0.567383,   0.087402,   0.710938,      1154
  0.000,0,   0.572266,   0.078125,   0.396973,      1155
  0.000,0,   0.658691,  -0.058105,  -0.052246,      1156
  0.000,0,   0.813965,  -0.154297,  -0.612305,      1157
  0.000,0,   0.925781,  -0.059570,  -0.914551,      1158
  0.000,0,   1.026367,   0.204590,  -1.142090,      1159
  0.000,0,   1.008301,   0.376953,  -1.138672,      1160
  0.000,0,   0.798828,   0.577148,  -0.791016,      1161
  0.000,0,   0.607910,   0.658203,  -0.422363,      1162
  0.000,0,   0.298828,   0.596191,   0.249023,      1163
  0.000,0,  -0.120117,   0.458496,   0.891113,      1164
  0.000,0,  -0.342773,   0.265625,   1.398926,      1165
  0.000,0,  -0.393555,   0.141602,   1.727539,      1166
  0.000,0,  -0.472656,   0.024414,   2.054688,      1167
  0.000,0,  -0.369629,  -0.045898,   2.093262,      1168
  0.000,0,  -0.182129,  -0.100098,   1.985840,      1169
  0.000,0,  -0.026855,  -0.062500,   1.861328,      1170
  0.000,0,   0.230469,   0.069336,   1.584961,      1171
  0.000,0,   0.419434,   0.190430,   1.347168,      1172
  0.000,0,   0.548340,   0.255859,   0.999023,      1173
  0.000,0,   0.634766,   0.149414,   0.647461,      1174
  0.000,0,   0.760742,  -0.056641,   0.141113,      1175
  0.000,0,   0.848145,  -0.142090,  -0.160156,      1176
  0.000,0,   1.011230,  -0.026855,  -0.479492,      1177
  0.000,0,   0.999023,   0.131836,  -0.484863,      1178
  0.000,0,   0.889160,   0.361328,  -0.394531,      1179
  0.000,0,   0.675293,   0.378418,  -0.081543,      1180
  0.000,0,   0.461914,   0.240234,   0.382812,      1181
  0.000,0,   0.264160,   0.086426,   0.772949,      1182
  0.000,0,   0.055664,  -0.065918,   1.211914,      1183
  0.000,0,  -0.050293,  -0.168945,   1.523438,      1184
  0.000,0,  -0.118164,  -0.208984,   1.793457,      1185
  0.000,0,  -0.100098,  -0.220703,   1.863281,      1186
  0.000,0,  -0.012207,  -0.255371,   1.854980,      1187
  0.000,0,   0.030273,  -0.263184,   1.790039,      1188
  0.000,0,   0.103516,  -0.228516,   1.774414,      1189
  0.000,0,   0.127441,  -0.173340,   1.745117,      1190
  0.000,0,   0.120605,  -0.209473,   1.685059,      1191
  0.000,0,   0.064941,  -0.298340,   1.672852,      1192
  0.000,0,  -0.023438,  -0.363770,   1.686523,      1193
  0.000,0,  -0.148438,  -0.358398,   1.755371,      1194
  0.000,0,  -0.289551,  -0.286621,   1.799805,      1195
  0.000,0,  -0.354004,  -0.274902,   1.825195,      1196
  0.000,0,  -0.489746,  -0.273438,   1.886719,      1197
  0.000,0,  -0.607422,  -0.297363,   1.983887,      1198
  0.000,0,  -0.607422,  -0.303711,   1.941406,      1199
  0.000,0,  -0.510254,  -0.223145,   1.812012,      1200
  0.000,0,  -0.366699,  -0.087402,   1.572754,      1201
  0.000,0,  -0.066406,   0.059082,   1.152344,      1202
  0.000,0,   0.226562,   0.145996,   0.765625,      1203
  0.000,0,   0.513184,   0.241699,   0.299805,      1204
  0.000,0,   0.703125,   0.260254,  -0.054688,      1205
  0.000,0,   0.819336,   0.235352,  -0.333496,      1206
  0.000,0,   0.975586,   0.279297,  -0.500977,      1207
  0.000,0,   0.875000,   0.348145,  -0.395508,      1208
  0.000,0,   0.828613,   0.396973,  -0.272949,      1209
  0.000,0,   0.616211,   0.331543,   0.046875,      1210
  0.000,0,   0.404297,   0.280273,   0.455078,      1211
  0.000,0,   0.218262,   0.223633,   0.947266,      1212
  0.000,0,   0.109375,   0.222656,   1.289551,      1213
  0.000,0,  -0.090332,   0.207031,   1.753418,      1214
  0.000,0,  -0.220703,   0.166016,   2.125488,      1215
  0.000,0,  -0.355957,   0.145020,   2.471191,      1216
  0.000,0,  -0.463379,   0.104004,   2.799316,      1217
  0.000,0,  -0.485840,   0.072266,   2.918457,      1218
  0.000,0,  -0.364258,  -0.041992,   2.931641,      1219
  0.000,0,  -0.291992,  -0.188477,   2.863770,      1220
  0.000,0,  -0.104980,  -0.327637,   2.599121,      1221
  0.000,0,   0.057129,  -0.345703,   2.374512,      1222
  0.000,0,   0.217773,  -0.207520,   2.084961,      1223
  0.000,0,   0.341309,  -0.062988,   1.846680,      1224
  0.000,0,   0.467285,   0.032715,   1.618164,      1225
  0.000,0,   0.508789,   0.091309,   1.473633,      1226
  0.000,0,   0.598145,   0.132324,   1.310547,      1227
  0.000,0,   0.671875,   0.153809,   1.206055,      1228
  0.000,0,   0.677734,   0.217285,   1.218750,      1229
  0.000,0,   0.683594,   0.242188,   1.257324,      1230
  0.000,0,   0.635254,   0.253418,   1.425293,      1231
  0.000,0,   0.632324,   0.152832,   1.605469,      1232
  0.000,0,   0.484863,  -0.009766,   1.914551,      1233
  0.000,0,   0.342773,  -0.215820,   2.277344,      1234
  0.000,0,   0.239258,  -0.400391,   2.630371,      1235
  0.000,0,   0.197266,  -0.475098,   2.840332,      1236
  0.000,0,   0.173340,  -0.513184,   2.987305,      1237
  0.000,0,   0.666992,  -0.523926,   2.586426,      1238
  0.000,0,   0.578613,  -0.765625,   2.930664,      1239
  0.000,0,  -0.845703,  -0.808594,   3.999878,      1240
  0.000,0,  -0.661133,  -0.545410,   3.965820,      1241
  0.000,0,   0.691895,  -0.439941,   2.124512,      1242
  0.000,0,   1.099609,  -0.781250,   2.327148,      1243
  0.000,0,   0.337402,  -0.444824,   3.008789,      1244
  0.000,0,   0.595215,  -0.167480,   2.446777,      1245
  0.000,0,   0.274902,  -0.171387,   2.646973,      1246
  0.000,0,   0.337891,  -0.341797,   2.521973,      1247
  0.000,0,   0.643066,  -0.554199,   2.268555,      1248
  0.000,0,   0.921875,  -0.709961,   2.144043,      1249
  0.000,0,   0.917969,  -0.745605,   2.243652,      1250
  0.000,0,   0.968262,  -0.795410,   2.357422,      1251
  0.000,0,   0.935059,  -0.904297,   2.486328,      1252
  0.000,0,   0.886719,  -1.106445,   2.666504,      1253
  0.000,0,   0.797852,  -1.234375,   2.805176,      1254
  0.000,0,   0.552734,  -1.309082,   3.088867,      1255
  0.000,0,   0.394531,  -1.264648,   3.250000,      1256
  0.000,0,   0.214844,  -1.098633,   3.383789,      1257
  0.000,0,   0.108887,  -0.946777,   3.406250,      1258
  0.000,0,  -0.057617,  -0.761230,   3.424805,      1259
  0.000,0,  -0.148438,  -0.682617,   3.421875,      1260
  0.000,0,  -0.312012,  -0.604004,   3.474609,      1261
  0.000,0,  -0.459473,  -0.554688,   3.560059,      1262
  0.000,0,  -0.593262,  -0.473633,   3.641113,      1263
  0.000,0,  -0.578125,  -0.400391,   3.563477,      1264
  0.000,0,  -0.581055,  -0.383789,   3.554688,      1265
  0.000,0,  -0.574219,  -0.389160,   3.619629,      1266
  0.000,0,  -0.526855,  -0.403809,   3.609375,      1267
  0.000,0,  -0.400391,  -0.503906,   3.552246,      1268
  0.000,0,  -0.465332,  -0.559570,   3.663086,      1269
  0.000,0,  -0.433105,  -0.643066,   3.727539,      1270
  0.000,0,  -0.405762,  -0.666992,   3.752441,      1271
  0.000,0,  -0.404297,  -0.668945,   3.823242,      1272
  0.000,0,  -0.369629,  -0.645996,   3.856934,      1273
  0.000,0,  -0.347656,  -0.625977,   3.905762,      1274
  0.000,0,  -0.332520,  -0.604980,   3.910645,      1275
  0.000,0,  -0.284180,  -0.601074,   3.891113,      1276
  0.000,0,  -0.166992,  -0.678223,   3.826172,      1277
  0.000,0,  -0.099609,  -0.645508,   3.751465,      1278
  0.000,0,  -0.026367,  -0.630371,   3.664551,      1279
  0.000,0,   0.118164,  -0.660645,   3.514648,      1280
  0.000,0,   0.233398,  -0.689941,   3.368652,      1281
  0.000,0,   0.339844,  -0.696289,   3.263672,      1282
  0.000,0,   0.395020,  -0.662109,   3.209961,      1283
  0.000,0,   0.396484,  -0.634766,   3.229980,      1284
  0.000,0,   0.389160,  -0.632324,   3.271973,      1285
  0.000,0,   0.317871,  -0.698242,   3.409668,      1286
  0.000,0,   0.233398,  -0.702637,   3.542969,      1287
  0.000,0,   0.178223,  -0.684570,   3.645508,      1288
  0.000,0,   0.041504,  -0.704590,   3.819336,      1289
  0.000,0,  -0.106934,  -0.742188,   3.999878,      1290
  0.000,0,  -0.142578,  -0.745117,   3.999878,      1291
  0.000,0,  -0.180664,  -0.741211,   3.999878,      1292
  0.000,0,  -0.337891,  -0.678711,   3.999878,      1293
  0.000,0,  -0.320312,  -0.597656,   3.999878,      1294
  0.000,0,  -0.240234,  -0.551758,   3.999878,      1295
  0.000,0,  -0.160645,  -0.461426,   3.786133,      1296
  0.000,0,  -0.092773,  -0.406250,   3.559082,      1297
  0.000,0,  -0.001953,  -0.339844,   3.339844,      1298
  0.000,0,   0.088867,  -0.321289,   3.193848,      1299
  0.000,0,   0.230469,  -0.340820,   3.038086,      1300
  0.000,0,   0.270508,  -0.351562,   3.024414,      1301
  0.000,0,   0.288086,  -0.412598,   3.022949,      1302
  0.000,0,   0.307129,  -0.481934,   3.049316,      1303
  0.000,0,   0.287109,  -0.519043,   3.096191,      1304
  0.000,0,   0.292969,  -0.525391,   3.096191,      1305
  0.000,0,   0.280762,  -0.505371,   3.093750,      1306
  0.000,0,   0.288086,  -0.439941,   3.079102,      1307
  0.000,0,   0.267578,  -0.387207,   3.066406,      1308
  0.000,0,   0.265625,  -0.353027,   3.064941,      1309
  0.000,0,   0.236328,  -0.325684,   3.052246,      1310
  0.000,0,   0.245117,  -0.328613,   3.020020,      1311
  0.000,0,   0.286133,  -0.337891,   2.926758,      1312
  0.000,0,   0.336426,  -0.364746,   2.819336,      1313
  0.000,0,   0.356445,  -0.383301,   2.741699,      1314
  0.000,0,   0.307129,  -0.562988,   2.734863,      1315
  0.000,0,   0.186035,  -0.846680,   2.832520,      1316
  0.000,0,  -0.050781,  -1.123047,   3.059570,      1317
  0.000,0,  -0.194336,  -1.207031,   3.245117,      1318
  0.000,0,  -0.261230,  -1.170410,   3.334961,      1319
  0.000,0,  -0.216797,  -1.043457,   3.291992,      1320
  0.000,0,  -0.145996,  -0.882324,   3.162598,      1321
  0.000,0,  -0.071289,  -0.769043,   3.019531,      1322
  0.000,0,  -0.065918,  -0.701172,   2.822266,      1323
  0.000,0,  -0.105957,  -0.637695,   2.715332,      1324
  0.000,0,  -0.151367,  -0.560547,   2.571777,      1325
  0.000,0,  -0.151367,  -0.482910,   2.473633,      1326
  0.000,0,  -0.163574,  -0.404785,   2.336426,      1327
  0.000,0,  -0.156250,  -0.346191,   2.236816,      1328
  0.000,0,  -0.144043,  -0.271484,   2.141602,      1329
  0.000,0,  -0.110352,  -0.278809,   2.049805,      1330
  0.000,0,  -0.074707,  -0.274902,   1.942383,      1331
  0.000,0,  -0.009277,  -0.295410,   1.874023,      1332
  0.000,0,   0.081055,  -0.373047,   1.835449,      1333
  0.000,0,   0.093750,  -0.504883,   1.882812,      1334
  0.000,0,   0.051270,  -0.688965,   1.998535,      1335
  0.000,0,   0.010742,  -0.791504,   2.142090,      1336
  0.000,0,  -0.016113,  -0.844238,   2.284668,      1337
  0.000,0,  -0.064453,  -0.868164,   2.352539,      1338
  0.000,0,  -0.074219,  -0.880859,   2.353516,      1339
  0.000,0,  -0.110352,  -0.883301,   2.392090,      1340
  0.000,0,  -0.198730,  -0.888672,   2.453125,      1341
  0.000,0,  -0.321289,  -0.847168,   2.606445,      1342
  0.000,0,  -0.420898,  -0.765625,   2.750000,      1343
  0.000,0,  -0.545410,  -0.681641,   2.797363,      1344
  0.000,0,  -0.629883,  -0.631836,   2.833984,      1345
  0.000,0,  -0.664551,  -0.542969,   2.751953,      1346
  0.000,0,  -0.666992,  -0.458008,   2.608398,      1347
  0.000,0,  -0.574707,  -0.363770,   2.379883,      1348
  0.000,0,  -0.480957,  -0.270996,   2.229492,      1349
  0.000,0,  -0.425293,  -0.194336,   2.066895,      1350
  0.000,0,  -0.378906,  -0.202637,   1.984863,      1351
  0.000,0,  -0.281738,  -0.292480,   1.802734,      1352
  0.000,0,  -0.182129,  -0.336426,   1.632324,      1353
  0.000,0,  -0.028320,  -0.335449,   1.516113,      1354
  0.000,0,   0.065918,  -0.312012,   1.488770,      1355
  0.000,0,   0.123047,  -0.328613,   1.596191,      1356
  0.000,0,   0.124023,  -0.468262,   1.752930,      1357
  0.000,0,   0.121582,  -0.694336,   1.955078,      1358
  0.000,0,   0.111816,  -0.809570,   2.150391,      1359
  0.000,0,   0.217773,  -0.880371,   2.194336,      1360
  0.000,0,   0.347168,  -0.919922,   2.141602,      1361
  0.000,0,   0.447754,  -0.926270,   2.064453,      1362
  0.000,0,   0.487305,  -0.828125,   1.948242,      1363
  0.000,0,   0.476562,  -0.631348,   1.777344,      1364
  0.000,0,   0.444336,  -0.450195,   1.605957,      1365
  0.000,0,   0.340332,  -0.228027,   1.394043,      1366
  0.000,0,   0.206055,  -0.130371,   1.357910,      1367
  0.000,0,  -0.106445,  -0.048828,   1.470215,      1368
  0.000,0,  -0.370605,   0.000000,   1.645996,      1369
  0.000,0,  -0.639160,   0.082031,   1.853516,      1370
  0.000,0,  -0.880859,   0.191895,   2.102539,      1371
  0.000,0,  -1.012207,   0.297852,   2.295410,      1372
  0.000,0,  -1.017578,   0.346680,   2.434570,      1373
  0.000,0,  -0.929688,   0.286621,   2.440430,      1374
  0.000,0,  -0.790527,   0.183105,   2.330078,      1375
  0.000,0,  -0.625977,   0.093262,   2.204102,      1376
  0.000,0,  -0.424805,   0.045898,   1.963867,      1377
  0.000,0,  -0.251465,   0.028320,   1.768555,      1378
  0.000,0,  -0.159668,   0.028809,   1.630371,      1379
  0.000,0,  -0.027344,  -0.001953,   1.511719,      1380
  0.000,0,   0.043457,  -0.019043,   1.442871,      1381
  0.000,0,  -0.027832,   0.000977,   1.474121,      1382
  0.000,0,  -0.119141,   0.025391,   1.465820,      1383
  0.000,0,  -0.177734,   0.039551,   1.560059,      1384
  0.000,0,  -0.025391,   0.069824,   1.545410,      1385
  0.000,0,   0.006348,   0.097656,   1.567383,      1386
  0.000,0,  -0.090332,   0.055176,   1.723633,      1387
  0.000,0,  -0.194824,  -0.070312,   1.822754,      1388
  0.000,0,  -0.246094,  -0.240723,   1.905762,      1389
  0.000,0,  -0.235352,  -0.324707,   1.846191,      1390
  0.000,0,  -0.157715,  -0.379395,   1.705566,      1391
  0.000,0,  -0.136719,  -0.315430,   1.566895,      1392
  0.000,0,  -0.132812,  -0.221680,   1.333008,      1393
  0.000,0,  -0.132812,  -0.139648,   1.187012,      1394
  0.000,0,  -0.143555,  -0.052734,   1.060059,      1395
  0.000,0,  -0.184082,   0.038086,   1.027832,      1396
  0.000,0,  -0.296875,   0.148926,   1.100098,      1397
  0.000,0,  -0.354004,   0.217773,   1.147949,      1398
  0.000,0,  -0.401855,   0.229980,   1.286133,      1399
  0.000,0,  -0.461426,   0.178711,   1.359863,      1400
  0.000,0,  -0.439453,   0.116699,   1.378906,      1401
  0.000,0,  -0.371582,   0.063965,   1.378418,      1402
  0.000,0,  -0.254395,   0.036621,   1.280762,      1403
  0.000,0,  -0.081543,  -0.101562,   1.220215,      1404
  0.000,0,  -0.001465,  -0.239258,   1.185547,      1405
  0.000,0,   0.137695,  -0.398438,   1.083496,      1406
  0.000,0,   0.236816,  -0.419922,   0.980469,      1407
  0.000,0,   0.242676,  -0.344238,   0.880371,      1408
  0.000,0,   0.270508,  -0.255371,   0.760254,      1409
  0.000,0,   0.273438,  -0.192871,   0.690430,      1410
  0.000,0,   0.236328,  -0.144043,   0.701172,      1411
  0.000,0,   0.171875,  -0.065430,   0.698730,      1412
  0.000,0,   0.131348,  -0.044434,   0.710938,      1413
  0.000,0,   0.115234,   0.074707,   0.627930,      1414
  0.000,0,   0.114258,   0.196777,   0.635742,      1415
  0.000,0,   0.071777,   0.292480,   0.612793,      1416
  0.000,0,   0.064453,   0.287109,   0.595703,      1417
  0.000,0,   0.007812,   0.250977,   0.620605,      1418
  0.000,0,  -0.020020,   0.175293,   0.608398,      1419
  0.000,0,  -0.004883,   0.110840,   0.577637,      1420
  0.000,0,   0.075684,   0.092285,   0.556152,      1421
  0.000,0,   0.131348,   0.068848,   0.562012,      1422
  0.000,0,   0.244141,  -0.000488,   0.532715,      1423
  0.000,0,   0.315430,  -0.046875,   0.526367,      1424
  0.000,0,   0.396973,  -0.092285,   0.523926,      1425
  0.000,0,   0.471191,  -0.082031,   0.518555,      1426
  0.000,0,   0.561523,  -0.072754,   0.500000,      1427
  0.000,0,   0.600586,  -0.062500,   0.487305,      1428
  0.000,0,   0.647949,  -0.122070,   0.490723,      1429
  0.000,0,   0.645508,  -0.145508,   0.528320,      1430
  0.000,0,   0.646484,  -0.152832,   0.557129,      1431
  0.000,0,   0.639648,  -0.142578,   0.521973,      1432
  0.000,0,   0.610352,  -0.122070,   0.457520,      1433
  0.000,0,   0.612305,  -0.067871,   0.378418,      1434
  0.000,0,   0.645508,  -0.010254,   0.244141,      1435
  0.000,0,   0.636230,   0.011230,   0.162598,      1436
  0.000,0,   0.620117,   0.006348,   0.051758,      1437
  0.000,0,   0.594238,   0.010254,  -0.048828,      1438
  0.000,0,   0.552246,   0.068848,  -0.042969,      1439
  0.000,0,   0.473145,   0.179688,   0.067871,      1440
  0.000,0,   0.373047,   0.300781,   0.214355,      1441
  0.000,0,   0.311523,   0.344238,   0.355957,      1442
  0.000,0,   0.244141,   0.287598,   0.479004,      1443
  0.000,0,   0.286133,   0.206055,   0.490723,      1444
  0.000,0,   0.349121,   0.131836,   0.495117,      1445
  0.000,0,   0.396973,   0.096191,   0.460938,      1446
  0.000,0,   0.563965,   0.092773,   0.334473,      1447
  0.000,0,   0.624512,   0.113770,   0.240234,      1448
  0.000,0,   0.650391,   0.129395,   0.247070,      1449
  0.000,0,   0.661621,   0.095215,   0.224609,      1450
  0.000,0,   0.649902,   0.003906,   0.201172,      1451
  0.000,0,   0.626953,  -0.008301,   0.156738,      1452
  0.000,0,   0.674805,   0.045898,   0.062500,      1453
  0.000,0,   0.706543,   0.123047,  -0.025879,      1454
  0.000,0,   0.639160,   0.178711,  -0.020020,      1455
  0.000,0,   0.559570,   0.175781,   0.020508,      1456
  0.000,0,   0.498047,   0.210938,   0.034668,      1457
  0.000,0,   0.447754,   0.223145,   0.058105,      1458
  0.000,0,   0.406250,   0.221191,   0.080078,      1459
  0.000,0,   0.429199,   0.186035,   0.101074,      1460
  0.000,0,   0.385742,   0.186035,   0.136719,      1461
  0.000,0,   0.368652,   0.146484,   0.169922,      1462
  0.000,0,   0.384277,   0.118652,   0.130371,      1463
  0.000,0,   0.447754,   0.108887,   0.071289,      1464
  0.000,0,   0.508789,   0.116699,  -0.001953,      1465
  0.000,0,   0.556641,   0.132812,  -0.059082,      1466
  0.000,0,   0.625488,   0.187988,  -0.101074,      1467
  0.000,0,   0.628418,   0.191895,  -0.083496,      1468
  0.000,0,   0.605469,   0.195312,  -0.014160,      1469
  0.000,0,   0.562012,   0.167480,   0.065430,      1470
  0.000,0,   0.529297,   0.147461,   0.132324,      1471
  0.000,0,   0.491699,   0.165039,   0.190430,      1472
  0.000,0,   0.485352,   0.180176,   0.192383,      1473
  0.000,0,   0.454102,   0.162598,   0.222168,      1474
  0.000,0,   0.479004,   0.117676,   0.179199,      1475
  0.000,0,   0.514160,   0.066406,   0.094238,      1476
  0.000,0,   0.575195,  -0.012207,  -0.074707,      1477
  0.000,0,   0.645020,   0.004883,  -0.191406,      1478
  0.000,0,   0.690430,   0.053223,  -0.256348,      1479
  0.000,0,   0.735840,   0.078125,  -0.286621,      1480
  0.000,0,   0.751465,   0.148926,  -0.262207,      1481
  0.000,0,   0.750488,   0.178223,  -0.212891,      1482
  0.000,0,   0.714844,   0.179688,  -0.139648,      1483
  0.000,0,   0.681641,   0.145020,  -0.059570,      1484
  0.000,0,   0.665039,   0.118164,   0.029785,      1485
  0.000,0,   0.664551,   0.131348,   0.032715,      1486
  0.000,0,   0.702148,   0.203613,   0.033203,      1487
  0.000,0,   0.719727,   0.237793,   0.032715,      1488
  0.000,0,   0.741211,   0.301270,   0.016602,      1489
  0.000,0,   0.702637,   0.341309,   0.030762,      1490
  0.000,0,   0.658691,   0.356445,   0.097656,      1491
  0.000,0,   0.594727,   0.363770,   0.191895,      1492
  0.000,0,   0.521973,   0.347168,   0.289551,      1493
  0.000,0,   0.451172,   0.318848,   0.331055,      1494
  0.000,0,   0.423828,   0.254883,   0.357910,      1495
  0.000,0,   0.434570,   0.204102,   0.333984,      1496
  0.000,0,   0.516602,   0.137207,   0.213379,      1497
  0.000,0,   0.593262,   0.097656,   0.017578,      1498
  0.000,0,   0.747070,   0.093262,  -0.208008,      1499
  0.000,0,   0.884277,   0.093262,  -0.395020,      1500
  0.000,0,   0.947266,   0.096680,  -0.404785,      1501
  0.000,0,   0.976074,   0.106934,  -0.401367,      1502
  0.000,0,   0.937988,   0.135742,  -0.280273,      1503
  0.000,0,   0.877930,   0.218262,  -0.118652,      1504
  0.000,0,   0.792480,   0.260254,   0.025879,      1505
  0.000,0,   0.630859,   0.271484,   0.251953,      1506
  0.000,0,   0.465332,   0.263184,   0.413574,      1507
  0.000,0,   0.326172,   0.318359,   0.646973,      1508
  0.000,0,   0.256836,   0.432617,   0.759766,      1509
  0.000,0,   0.164551,   0.527832,   0.881348,      1510
  0.000,0,   0.096191,   0.576172,   1.004395,      1511
  0.000,0,   0.034180,   0.531250,   1.150879,      1512
  0.000,0,  -0.005859,   0.421387,   1.257812,      1513
  0.000,0,  -0.019043,   0.282227,   1.347168,      1514
  0.000,0,   0.017578,   0.204590,   1.351562,      1515
  0.000,0,   0.132324,   0.023926,   1.235352,      1516
  0.000,0,   0.220215,  -0.134766,   1.172363,      1517
  0.000,0,   0.411621,  -0.287598,   0.845215,      1518
  0.000,0,   0.539551,  -0.500977,   0.467285,      1519
  0.000,0,   0.743652,  -0.658691,  -0.029297,      1520
  0.000,0,   0.931152,  -0.605957,  -0.376465,      1521
  0.000,0,   1.090820,  -0.307617,  -0.600586,      1522
  0.000,0,   1.081055,   0.001465,  -0.556641,      1523
  0.000,0,   0.804688,   0.200684,  -0.178223,      1524
  0.000,0,   0.524414,   0.219727,   0.249512,      1525
  0.000,0,   0.062988,   0.188477,   0.910645,      1526
  0.000,0,  -0.263672,   0.124512,   1.376465,      1527
  0.000,0,  -0.539062,   0.053711,   1.804688,      1528
  0.000,0,  -0.675781,   0.048828,   1.971680,      1529
  0.000,0,  -0.669434,   0.072754,   1.987793,      1530
  0.000,0,  -0.553711,   0.103516,   1.865723,      1531
  0.000,0,  -0.280273,   0.133301,   1.533691,      1532
  0.000,0,  -0.054199,   0.159180,   1.291992,      1533
  0.000,0,   0.186035,   0.178711,   1.085449,      1534
  0.000,0,   0.316406,   0.180664,   0.979004,      1535
  0.000,0,   0.374512,   0.084473,   0.986816,      1536
  0.000,0,   0.354492,  -0.009277,   1.114746,      1537
  0.000,0,   0.290527,  -0.145508,   1.282715,      1538
  0.000,0,   0.239258,  -0.246582,   1.444336,      1539
  0.000,0,   0.240234,  -0.311523,   1.416504,      1540
  0.000,0,   0.234863,  -0.416016,   1.412598,      1541
  0.000,0,   0.252441,  -0.503418,   1.348633,      1542
  0.000,0,   0.302246,  -0.489746,   1.247070,      1543
  0.000,0,   0.346191,  -0.482422,   1.107910,      1544
  0.000,0,   0.390625,  -0.435547,   0.991211,      1545
  0.000,0,   0.406250,  -0.378906,   0.900879,      1546
  0.000,0,   0.425781,  -0.338867,   0.876953,      1547
  0.000,0,   0.416504,  -0.290527,   0.907227,      1548
  0.000,0,   0.375488,  -0.244629,   1.000000,      1549
  0.000,0,   0.282227,  -0.267090,   1.160156,      1550
  0.000,0,   0.196289,  -0.208008,   1.446777,      1551
  0.000,0,   0.111328,  -0.192383,   1.633301,      1552
  0.000,0,   0.109863,  -0.203125,   1.791992,      1553
  0.000,0,   0.119141,  -0.244629,   1.923828,      1554
  0.000,0,   0.155273,  -0.310059,   2.049805,      1555
  0.000,0,   0.202148,  -0.307617,   2.095703,      1556
  0.000,0,   0.262207,  -0.293457,   2.099121,      1557
  0.000,0,   0.289551,  -0.303223,   2.070801,      1558
  0.000,0,   0.269531,  -0.346680,   2.060547,      1559
  0.000,0,   0.160645,  -0.416504,   2.075684,      1560
  0.000,0,   0.086426,  -0.442383,   2.069336,      1561
  0.000,0,  -0.090820,  -0.444824,   2.256348,      1562
  0.000,0,  -0.042480,  -0.454590,   2.144043,      1563
  0.000,0,   0.040527,  -0.633789,   2.027832,      1564
  0.000,0,   0.103027,  -0.843262,   2.010254,      1565
  0.000,0,   0.199707,  -1.019531,   1.925293,      1566
  0.000,0,   0.338379,  -1.066406,   1.805664,      1567
  0.000,0,   0.499512,  -1.036133,   1.706055,      1568
  0.000,0,   0.621582,  -1.047852,   1.627441,      1569
  0.000,0,   0.733398,  -1.023438,   1.603516,      1570
  0.000,0,   0.766602,  -0.985352,   1.614746,      1571
  0.000,0,   0.744629,  -0.915039,   1.693359,      1572
  0.000,0,   0.647461,  -0.873047,   1.812988,      1573
  0.000,0,   0.492676,  -0.839844,   2.052734,      1574
  0.000,0,   0.333984,  -0.829590,   2.250488,      1575
  0.000,0,   0.132324,  -0.832031,   2.479492,      1576
  0.000,0,   0.007324,  -0.776367,   2.650391,      1577
  0.000,0,  -0.145996,  -0.699707,   2.803223,      1578
  0.000,0,  -0.284668,  -0.694336,   3.058105,      1579
  0.000,0,  -0.285645,  -0.545410,   3.163574,      1580
  0.000,0,  -0.458008,  -0.655273,   3.400391,      1581
  0.000,0,  -1.215332,  -0.543457,   3.999878,      1582
  0.000,0,  -0.301758,  -0.760254,   3.192383,      1583
  0.000,0,   0.195312,  -0.781738,   2.701172,      1584
  0.000,0,  -0.015137,  -1.090820,   3.199219,      1585
  0.000,0,  -0.284668,  -1.079590,   3.572266,      1586
  0.000,0,  -0.206543,  -0.855957,   3.221680,      1587
  0.000,0,   0.123535,  -0.959961,   3.183105,      1588
  0.000,0,  -0.050781,  -1.020020,   3.441406,      1589
  0.000,0,  -0.140137,  -1.054688,   3.380859,      1590
  0.000,0,  -0.175781,  -1.059570,   3.332520,      1591
  0.000,0,  -0.226074,  -0.964355,   3.386230,      1592
  0.000,0,  -0.046875,  -0.760742,   3.231445,      1593
  0.000,0,   0.066895,  -0.555176,   3.085449,      1594
  0.000,0,   0.038574,  -0.477051,   3.131348,      1595
  0.000,0,   0.044434,  -0.547363,   3.099609,      1596
  0.000,0,  -0.113281,  -0.652832,   3.278809,      1597
  0.000,0,  -0.320801,  -0.716309,   3.467285,      1598
  0.000,0,  -0.382324,  -0.672363,   3.514160,      1599
  0.000,0,  -0.374512,  -0.568848,   3.467285,      1600
  0.000,0,  -0.377441,  -0.466797,   3.405762,      1601
  0.000,0,  -0.311523,  -0.421387,   3.315430,      1602
  0.000,0,  -0.288086,  -0.404785,   3.263184,      1603
  0.000,0,  -0.359863,  -0.374023,   3.322266,      1604
  0.000,0,  -0.389648,  -0.387695,   3.290527,      1605
  0.000,0,  -0.424316,  -0.432617,   3.291992,      1606
  0.000,0,  -0.529297,  -0.413086,   3.318848,      1607
  0.000,0,  -0.590820,  -0.349609,   3.398926,      1608
  0.000,0,  -0.598633,  -0.232422,   3.358398,      1609
  0.000,0,  -0.535645,  -0.175293,   3.285645,      1610
  0.000,0,  -0.445801,  -0.162598,   3.132812,      1611
  0.000,0,  -0.370117,  -0.172852,   3.046387,      1612
  0.000,0,  -0.312012,  -0.227051,   2.980957,      1613
  0.000,0,  -0.291992,  -0.262695,   2.955078,      1614
  0.000,0,  -0.225586,  -0.327148,   2.886719,      1615
  0.000,0,  -0.187500,  -0.377930,   2.802246,      1616
  0.000,0,  -0.100586,  -0.416504,   2.708496,      1617
  0.000,0,  -0.044434,  -0.403809,   2.607422,      1618
  0.000,0,   0.039551,  -0.407715,   2.493652,      1619
  0.000,0,   0.092285,  -0.364258,   2.424805,      1620
  0.000,0,   0.146484,  -0.364746,   2.313477,      1621
  0.000,0,   0.128906,  -0.348145,   2.225586,      1622
  0.000,0,   0.113770,  -0.337891,   2.187012,      1623
  0.000,0,   0.181152,  -0.353027,   2.060547,      1624
  0.000,0,   0.120605,  -0.322266,   2.074707,      1625
  0.000,0,   0.045410,  -0.256836,   2.105957,      1626
  0.000,0,   0.036133,  -0.294434,   2.041504,      1627
  0.000,0,   0.013184,  -0.270508,   2.032227,      1628
  0.000,0,  -0.041016,  -0.252441,   2.006836,      1629
  0.000,0,  -0.112305,  -0.242676,   2.033203,      1630
  0.000,0,  -0.180176,  -0.348633,   2.125000,      1631
  0.000,0,  -0.235840,  -0.402832,   2.130371,      1632
  0.000,0,  -0.191406,  -0.361328,   2.115723,      1633
  0.000,0,  -0.233398,  -0.255859,   2.121094,      1634
  0.000,0,  -0.211426,  -0.211914,   2.124512,      1635
  0.000,0,  -0.188477,  -0.182129,   2.114746,      1636
  0.000,0,  -0.194824,  -0.143555,   2.109375,      1637
  0.000,0,  -0.194336,  -0.142578,   2.119141,      1638
  0.000,0,  -0.192871,  -0.160156,   2.076660,      1639
  0.000,0,  -0.208496,  -0.146973,   2.050293,      1640
  0.000,0,  -0.179688,  -0.096191,   2.019531,      1641
  0.000,0,  -0.150879,  -0.057129,   1.961426,      1642
  0.000,0,  -0.149902,  -0.005371,   1.964355,      1643
  0.000,0,  -0.116211,  -0.062012,   1.876953,      1644
  0.000,0,  -0.123047,  -0.086914,   1.886719,      1645
  0.000,0,  -0.152832,  -0.135742,   1.891113,      1646
  0.000,0,  -0.146484,  -0.136719,   1.938965,      1647
  0.000,0,  -0.139160,  -0.137207,   1.893066,      1648
  0.000,0,  -0.123047,  -0.131348,   1.903809,      1649
  0.000,0,  -0.094238,  -0.163086,   1.903320,      1650
  0.000,0,  -0.055176,  -0.182617,   1.884766,      1651
  0.000,0,  -0.030273,  -0.215332,   1.827637,      1652
  0.000,0,  -0.005859,  -0.223145,   1.835938,      1653
  0.000,0,   0.008789,  -0.191895,   1.810059,      1654
  0.000,0,   0.018066,  -0.140137,   1.803223,      1655
  0.000,0,   0.041992,  -0.133301,   1.761230,      1656
  0.000,0,   0.048340,  -0.130371,   1.753906,      1657
  0.000,0,   0.051270,  -0.108887,   1.730469,      1658
  0.000,0,   0.062988,  -0.111816,   1.685547,      1659
  0.000,0,   0.057129,  -0.072754,   1.673340,      1660
  0.000,0,   0.049805,  -0.066406,   1.678711,      1661
  0.000,0,   0.043945,  -0.070312,   1.632812,      1662
  0.000,0,   0.027832,  -0.054688,   1.627441,      1663
  0.000,0,  -0.013184,  -0.051758,   1.591309,      1664
  0.000,0,  -0.011719,  -0.046387,   1.604004,      1665
  0.000,0,  -0.001953,  -0.048828,   1.584473,      1666
  0.000,0,   0.007812,  -0.084961,   1.562988,      1667
  0.000,0,   0.008301,  -0.114746,   1.570801,      1668
  0.000,0,  -0.007324,  -0.168945,   1.552734,      1669
  0.000,0,  -0.065430,  -0.250488,   1.660156,      1670
  0.000,0,  -0.120117,  -0.234863,   1.755859,      1671
  0.000,0,  -0.127441,  -0.167969,   1.768066,      1672
  0.000,0,  -0.103027,  -0.144043,   1.768555,      1673
  0.000,0,  -0.103516,  -0.134277,   1.776367,      1674
  0.000,0,  -0.086914,  -0.111328,   1.777832,      1675
  0.000,0,  -0.081055,  -0.096680,   1.762207,      1676
  0.000,0,  -0.077148,  -0.046875,   1.714844,      1677
  0.000,0,  -0.062988,  -0.032715,   1.693848,      1678
  0.000,0,  -0.045898,  -0.045410,   1.650391,      1679
  0.000,0,  -0.020020,  -0.030273,   1.626465,      1680
  0.000,0,  -0.006836,  -0.041504,   1.572754,      1681
  0.000,0,   0.010742,  -0.019043,   1.550293,      1682
  0.000,0,   0.006836,  -0.007812,   1.515137,      1683
  0.000,0,   0.022949,  -0.005371,   1.500000,      1684
  0.000,0,   0.024414,  -0.002441,   1.466309,      1685
  0.000,0,   0.025879,  -0.025879,   1.493652,      1686
  0.000,0,   0.023926,  -0.031250,   1.493652,      1687
  0.000,0,   0.027832,  -0.041992,   1.508789,      1688
  0.000,0,   0.022461,  -0.066406,   1.529785,      1689
  0.000,0,   0.010254,  -0.089844,   1.563477,      1690
  0.000,0,   0.003418,  -0.088867,   1.596191,      1691
  0.000,0,  -0.024414,  -0.107910,   1.613281,      1692
  0.000,0,  -0.014160,  -0.138672,   1.600586,      1693
  0.000,0,  -0.031738,  -0.157227,   1.635742,      1694
  0.000,0,  -0.049316,  -0.131348,   1.676270,      1695
  0.000,0,  -0.050781,  -0.088867,   1.696289,      1696
  0.000,0,  -0.068359,  -0.053223,   1.725586,      1697
  0.000,0,  -0.064941,  -0.070312,   1.773926,      1698
  0.000,0,  -0.095703,  -0.088379,   1.805176,      1699
  0.000,0,  -0.126465,  -0.088379,   1.837891,      1700
  0.000,0,  -0.123535,  -0.082031,   1.834473,      1701
  0.000,0,  -0.135254,  -0.016113,   1.764648,      1702
  0.000,0,  -0.100098,  -0.005371,   1.804199,      1703
  0.000,0,  -0.183105,   0.033691,   1.812012,      1704
  0.000,0,  -0.055664,  -0.020508,   1.689941,      1705
  0.000,0,  -0.049316,  -0.042969,   1.682617,      1706
  0.000,0,  -0.061523,  -0.065918,   1.726562,      1707
  0.000,0,  -0.028320,  -0.088379,   1.710449,      1708
  0.000,0,  -0.012207,  -0.072266,   1.647949,      1709
  0.000,0,  -0.003418,  -0.092285,   1.684082,      1710
  0.000,0,   0.001465,  -0.115234,   1.726074,      1711
  0.000,0,  -0.007324,  -0.111816,   1.767090,      1712
  0.000,0,  -0.018066,  -0.116699,   1.793945,      1713
