Sampling freqeuncy: 500 Hz
  0.000,1,  -0.093262,  -0.096680,   1.969238,         1
  0.000,0,  -0.110840,  -0.098633,   1.948242,         2
  0.000,0,  -0.102539,  -0.083008,   1.954590,         3
  0.000,0,  -0.086914,  -0.092285,   1.944336,         4
  0.000,0,  -0.095215,  -0.102051,   1.907715,         5
  0.000,0,  -0.095703,  -0.124023,   1.895508,         6
  0.000,0,  -0.101562,  -0.113281,   1.861328,         7
  0.000,0,  -0.107910,  -0.137207,   1.874512,         8
  0.000,0,  -0.124512,  -0.145508,   1.859375,         9
  0.000,0,  -0.133789,  -0.123535,   1.857422,        10
  0.000,0,  -0.153320,  -0.127441,   1.865234,        11
  0.000,0,  -0.147949,  -0.142090,   1.873535,        12
  0.000,0,  -0.163574,  -0.152344,   1.875488,        13
  0.000,0,  -0.164551,  -0.156250,   1.869141,        14
  0.000,0,  -0.145020,  -0.139160,   1.864746,        15
  0.000,0,  -0.127930,  -0.154785,   1.910156,        16
  0.000,0,  -0.134766,  -0.132812,   1.916504,        17
  0.000,0,  -0.133789,  -0.135742,   1.936035,        18
  0.000,0,  -0.108398,  -0.125000,   1.925293,        19
  0.000,0,  -0.094238,  -0.119141,   1.935059,        20
  0.000,0,  -0.098145,  -0.119141,   1.932617,        21
  0.000,0,  -0.092285,  -0.114258,   1.964844,        22
  0.000,0,  -0.102539,  -0.092285,   1.970703,        23
  0.000,0,  -0.079590,  -0.086914,   1.946289,        24
  0.000,0,  -0.099121,  -0.073242,   1.951172,        25
  0.000,0,  -0.088867,  -0.042969,   1.945312,        26
  0.000,0,  -0.125000,  -0.049805,   1.936523,        27
  0.000,0,  -0.117676,  -0.080566,   1.952637,        28
  0.000,0,  -0.129395,  -0.112305,   1.946777,        29
  0.000,0,  -0.098633,  -0.127441,   1.957520,        30
  0.000,0,  -0.091309,  -0.144043,   1.937500,        31
  0.000,0,  -0.062988,  -0.132812,   1.960938,        32
  0.000,0,  -0.059570,  -0.119141,   1.961426,        33
  0.000,0,  -0.072266,  -0.110840,   1.938477,        34
  0.000,0,  -0.056152,  -0.119141,   1.954102,        35
  0.000,0,  -0.070312,  -0.126953,   1.940430,        36
  0.000,0,  -0.090820,  -0.130371,   1.914062,        37
  0.000,0,  -0.091309,  -0.112793,   1.907227,        38
  0.000,0,  -0.111328,  -0.134277,   1.889160,        39
  0.000,0,  -0.127441,  -0.127441,   1.864258,        40
  0.000,0,  -0.150391,  -0.125488,   1.884277,        41
  0.000,0,  -0.135254,  -0.108887,   1.880371,        42
  0.000,0,  -0.132812,  -0.112305,   1.901367,        43
  0.000,0,  -0.136230,  -0.116211,   1.874023,        44
  0.000,0,  -0.124023,  -0.122070,   1.885742,        45
  0.000,0,  -0.115234,  -0.136230,   1.905762,        46
  0.000,0,  -0.120605,  -0.115723,   1.920898,        47
  0.000,0,  -0.092773,  -0.105957,   1.921875,        48
  0.000,0,  -0.080566,  -0.092285,   1.933594,        49
  0.000,0,  -0.076660,  -0.093750,   1.951172,        50
  0.000,0,  -0.074707,  -0.101562,   1.947754,        51
  0.000,0,  -0.096191,  -0.114746,   1.937988,        52
  0.000,0,  -0.083984,  -0.131836,   1.931641,        53
  0.000,0,  -0.094727,  -0.145996,   1.945312,        54
  0.000,0,  -0.106934,  -0.129883,   1.931641,        55
  0.000,0,  -0.109863,  -0.125000,   1.958984,        56
  0.000,0,  -0.091797,  -0.114746,   1.956055,        57
  0.000,0,  -0.092773,  -0.088379,   1.936523,        58
  0.000,0,  -0.107910,  -0.066895,   1.939453,        59
  0.000,0,  -0.130859,  -0.056152,   1.925781,        60
  0.000,0,  -0.119629,  -0.067871,   1.916504,        61
  0.000,0,  -0.103516,  -0.105469,   1.937988,        62
  0.000,0,  -0.100098,  -0.134766,   1.939941,        63
  0.000,0,  -0.102051,  -0.138184,   1.948242,        64
  0.000,0,  -0.095215,  -0.137207,   1.931641,        65
  0.000,0,  -0.100098,  -0.146484,   1.920410,        66
  0.000,0,  -0.102539,  -0.135254,   1.902832,        67
  0.000,0,  -0.107422,  -0.135742,   1.868164,        68
  0.000,0,  -0.106934,  -0.123047,   1.894531,        69
  0.000,0,  -0.143066,  -0.139160,   1.861816,        70
  0.000,0,  -0.152832,  -0.134277,   1.865723,        71
  0.000,0,  -0.155762,  -0.151367,   1.860840,        72
  0.000,0,  -0.147949,  -0.146973,   1.851562,        73
  0.000,0,  -0.159668,  -0.139648,   1.836426,        74
  0.000,0,  -0.154297,  -0.113770,   1.877930,        75
  0.000,0,  -0.114746,  -0.108398,   1.877930,        76
  0.000,0,  -0.131836,  -0.094727,   1.920898,        77
  0.000,0,  -0.116211,  -0.099121,   1.935547,        78
  0.000,0,  -0.112793,  -0.103027,   1.942871,        79
  0.000,0,  -0.077148,  -0.109863,   1.960449,        80
  0.000,0,  -0.064453,  -0.104004,   1.949707,        81
  0.000,0,  -0.082520,  -0.094727,   1.980957,        82
  0.000,0,  -0.084961,  -0.074219,   1.967285,        83
  0.000,0,  -0.081055,  -0.073730,   1.966309,        84
  0.000,0,  -0.103516,  -0.062012,   1.957031,        85
  0.000,0,  -0.111328,  -0.065918,   1.967285,        86
  0.000,0,  -0.110352,  -0.064941,   1.970215,        87
  0.000,0,  -0.095215,  -0.070312,   1.969727,        88
  0.000,0,  -0.107910,  -0.084961,   1.940918,        89
  0.000,0,  -0.121094,  -0.097656,   1.922852,        90
  0.000,0,  -0.119629,  -0.094238,   1.927734,        91
  0.000,0,  -0.103027,  -0.125488,   1.897461,        92
  0.000,0,  -0.123535,  -0.151367,   1.868652,        93
  0.000,0,  -0.125488,  -0.159180,   1.880859,        94
  0.000,0,  -0.121582,  -0.129395,   1.864746,        95
  0.000,0,  -0.123047,  -0.122559,   1.866211,        96
  0.000,0,  -0.111816,  -0.102051,   1.880859,        97
  0.000,0,  -0.113770,  -0.092285,   1.870117,        98
  0.000,0,  -0.108398,  -0.100098,   1.909180,        99
  0.000,0,  -0.120605,  -0.124023,   1.903809,       100
  0.000,0,  -0.124023,  -0.155762,   1.929688,       101
  0.000,0,  -0.143066,  -0.182617,   1.891602,       102
  0.000,0,  -0.127441,  -0.179688,   1.882324,       103
  0.000,0,  -0.140137,  -0.153320,   1.888672,       104
  0.000,0,  -0.137207,  -0.139160,   1.909668,       105
  0.000,0,  -0.131348,  -0.119141,   1.910645,       106
  0.000,0,  -0.121582,  -0.104492,   1.935059,       107
  0.000,0,  -0.105957,  -0.097656,   1.953613,       108
  0.000,0,  -0.100098,  -0.091797,   1.952637,       109
  0.000,0,  -0.091309,  -0.077148,   1.946777,       110
  0.000,0,  -0.094238,  -0.076660,   1.944336,       111
  0.000,0,  -0.104004,  -0.081055,   1.953125,       112
  0.000,0,  -0.116211,  -0.085449,   1.922852,       113
  0.000,0,  -0.097656,  -0.088379,   1.907227,       114
  0.000,0,  -0.095215,  -0.093750,   1.899414,       115
  0.000,0,  -0.104004,  -0.095703,   1.904785,       116
  0.000,0,  -0.106445,  -0.108398,   1.868164,       117
  0.000,0,  -0.137695,  -0.121094,   1.872070,       118
  0.000,0,  -0.149902,  -0.125977,   1.887695,       119
  0.000,0,  -0.142090,  -0.122559,   1.904297,       120
  0.000,0,  -0.105469,  -0.094727,   1.919434,       121
  0.000,0,  -0.083008,  -0.094727,   1.935547,       122
  0.000,0,  -0.081055,  -0.075195,   1.950684,       123
  0.000,0,  -0.073730,  -0.064453,   1.937012,       124
  0.000,0,  -0.061523,  -0.059570,   1.952637,       125
  0.000,0,  -0.079590,  -0.059082,   1.957520,       126
  0.000,0,  -0.086426,  -0.084961,   1.943848,       127
  0.000,0,  -0.103027,  -0.083008,   1.940430,       128
  0.000,0,  -0.097656,  -0.104492,   1.922363,       129
  0.000,0,  -0.107422,  -0.108398,   1.905273,       130
  0.000,0,  -0.111328,  -0.133301,   1.913086,       131
  0.000,0,  -0.110352,  -0.138672,   1.939453,       132
  0.000,0,  -0.117188,  -0.157715,   1.948730,       133
  0.000,0,  -0.109863,  -0.175781,   1.993164,       134
  0.000,0,  -0.103027,  -0.186035,   1.974609,       135
  0.000,0,  -0.109375,  -0.173340,   1.979004,       136
  0.000,0,  -0.095703,  -0.161621,   1.968750,       137
  0.000,0,  -0.105469,  -0.133789,   1.931152,       138
  0.000,0,  -0.131836,  -0.130859,   1.905273,       139
  0.000,0,  -0.141113,  -0.126465,   1.891602,       140
  0.000,0,  -0.113770,  -0.110840,   1.905273,       141
  0.000,0,  -0.126953,  -0.102051,   1.915039,       142
  0.000,0,  -0.123535,  -0.132324,   1.901855,       143
  0.000,0,  -0.125000,  -0.140137,   1.881348,       144
  0.000,0,  -0.135742,  -0.141602,   1.896484,       145
  0.000,0,  -0.135742,  -0.136719,   1.847168,       146
  0.000,0,  -0.141113,  -0.135742,   1.859375,       147
  0.000,0,  -0.124023,  -0.127930,   1.876953,       148
  0.000,0,  -0.113281,  -0.088379,   1.876465,       149
  0.000,0,  -0.119141,  -0.066895,   1.882812,       150
  0.000,0,  -0.123535,  -0.043457,   1.905762,       151
  0.000,0,  -0.125488,  -0.048828,   1.899414,       152
  0.000,0,  -0.125000,  -0.071777,   1.915527,       153
  0.000,0,  -0.102539,  -0.101074,   1.930176,       154
  0.000,0,  -0.101562,  -0.114258,   1.932617,       155
  0.000,0,  -0.073730,  -0.116211,   1.927246,       156
  0.000,0,  -0.074707,  -0.129395,   1.931641,       157
  0.000,0,  -0.102051,  -0.112793,   1.932129,       158
  0.000,0,  -0.120605,  -0.100098,   1.952148,       159
  0.000,0,  -0.100098,  -0.082031,   1.967773,       160
  0.000,0,  -0.088379,  -0.061523,   1.981445,       161
  0.000,0,  -0.077148,  -0.062988,   1.971680,       162
  0.000,0,  -0.090820,  -0.074707,   1.986816,       163
  0.000,0,  -0.100098,  -0.082520,   1.970215,       164
  0.000,0,  -0.098145,  -0.113281,   1.916504,       165
  0.000,0,  -0.104492,  -0.133301,   1.937988,       166
  0.000,0,  -0.116699,  -0.138184,   1.917969,       167
  0.000,0,  -0.122070,  -0.132812,   1.904297,       168
  0.000,0,  -0.132812,  -0.127441,   1.907227,       169
  0.000,0,  -0.117188,  -0.137207,   1.924316,       170
  0.000,0,  -0.106934,  -0.126953,   1.935059,       171
  0.000,0,  -0.108887,  -0.135742,   1.926270,       172
  0.000,0,  -0.104980,  -0.112305,   1.923828,       173
  0.000,0,  -0.118164,  -0.109375,   1.899414,       174
  0.000,0,  -0.125977,  -0.116699,   1.872070,       175
  0.000,0,  -0.148438,  -0.119141,   1.860840,       176
  0.000,0,  -0.158691,  -0.132324,   1.860840,       177
  0.000,0,  -0.138672,  -0.127441,   1.828613,       178
  0.000,0,  -0.141113,  -0.113770,   1.813965,       179
  0.000,0,  -0.136230,  -0.085449,   1.857422,       180
  0.000,0,  -0.125488,  -0.061523,   1.865723,       181
  0.000,0,  -0.119629,  -0.031738,   1.894531,       182
  0.000,0,  -0.083496,  -0.010742,   1.927246,       183
  0.000,0,  -0.080566,  -0.003906,   1.929688,       184
  0.000,0,  -0.114746,  -0.013672,   1.934082,       185
  0.000,0,  -0.123535,  -0.039551,   1.927246,       186
  0.000,0,  -0.120605,  -0.085938,   1.934082,       187
  0.000,0,  -0.140137,  -0.149414,   1.917480,       188
  0.000,0,  -0.133789,  -0.203613,   1.913574,       189
  0.000,0,  -0.134766,  -0.230957,   1.957520,       190
  0.000,0,  -0.112305,  -0.241211,   1.974609,       191
  0.000,0,  -0.095703,  -0.244141,   1.982422,       192
  0.000,0,  -0.113281,  -0.198730,   1.994141,       193
  0.000,0,  -0.085449,  -0.138184,   2.006348,       194
  0.000,0,  -0.089355,  -0.101074,   2.027344,       195
  0.000,0,  -0.095703,  -0.086426,   1.999023,       196
  0.000,0,  -0.102051,  -0.082031,   2.003418,       197
  0.000,0,  -0.111816,  -0.087402,   1.988281,       198
  0.000,0,  -0.106445,  -0.099121,   1.969727,       199
  0.000,0,  -0.118164,  -0.112793,   1.951172,       200
  0.000,0,  -0.149902,  -0.143555,   1.910645,       201
  0.000,0,  -0.121094,  -0.142578,   1.876465,       202
  0.000,0,  -0.136719,  -0.174805,   1.869141,       203
  0.000,0,  -0.157227,  -0.193359,   1.861816,       204
  0.000,0,  -0.143066,  -0.164062,   1.825195,       205
  0.000,0,  -0.137207,  -0.128906,   1.856445,       206
  0.000,0,  -0.129395,  -0.100098,   1.860840,       207
  0.000,0,  -0.145996,  -0.076660,   1.908691,       208
  0.000,0,  -0.124023,  -0.062500,   1.912598,       209
  0.000,0,  -0.093750,  -0.065430,   1.919922,       210
  0.000,0,  -0.085449,  -0.041992,   1.921387,       211
  0.000,0,  -0.084473,  -0.027832,   1.900879,       212
  0.000,0,  -0.086426,  -0.030273,   1.914551,       213
  0.000,0,  -0.087891,  -0.058105,   1.933105,       214
  0.000,0,  -0.119629,  -0.061523,   1.929199,       215
  0.000,0,  -0.108887,  -0.089844,   1.953613,       216
  0.000,0,  -0.087402,  -0.102539,   1.922852,       217
  0.000,0,  -0.085449,  -0.096191,   1.933594,       218
  0.000,0,  -0.085938,  -0.119141,   1.950684,       219
  0.000,0,  -0.105469,  -0.131348,   1.929199,       220
  0.000,0,  -0.115723,  -0.165039,   1.917969,       221
  0.000,0,  -0.100098,  -0.141113,   1.927246,       222
  0.000,0,  -0.119629,  -0.132812,   1.916992,       223
  0.000,0,  -0.125488,  -0.103516,   1.933105,       224
  0.000,0,  -0.110352,  -0.094238,   1.957031,       225
  0.000,0,  -0.106934,  -0.110352,   1.975098,       226
  0.000,0,  -0.116211,  -0.122070,   1.967285,       227
  0.000,0,  -0.115234,  -0.131836,   1.954102,       228
  0.000,0,  -0.074707,  -0.137207,   1.976074,       229
  0.000,0,  -0.090820,  -0.145508,   1.957031,       230
  0.000,0,  -0.095703,  -0.143066,   1.963379,       231
  0.000,0,  -0.096191,  -0.128906,   1.959473,       232
  0.000,0,  -0.101562,  -0.125977,   1.928223,       233
  0.000,0,  -0.116699,  -0.108887,   1.890137,       234
  0.000,0,  -0.131836,  -0.121094,   1.868164,       235
  0.000,0,  -0.136719,  -0.105469,   1.849121,       236
  0.000,0,  -0.148438,  -0.115723,   1.822266,       237
  0.000,0,  -0.172852,  -0.140137,   1.833008,       238
  0.000,0,  -0.145508,  -0.144043,   1.818359,       239
  0.000,0,  -0.129395,  -0.147949,   1.842773,       240
  0.000,0,  -0.123535,  -0.142090,   1.844727,       241
  0.000,0,  -0.137207,  -0.130859,   1.857422,       242
  0.000,0,  -0.144043,  -0.114258,   1.864746,       243
  0.000,0,  -0.122070,  -0.088379,   1.899902,       244
  0.000,0,  -0.127441,  -0.077148,   1.939941,       245
  0.000,0,  -0.114746,  -0.064941,   1.965820,       246
  0.000,0,  -0.103516,  -0.092773,   1.962891,       247
  0.000,0,  -0.105957,  -0.089355,   1.959961,       248
  0.000,0,  -0.111328,  -0.113281,   1.964355,       249
  0.000,0,  -0.085938,  -0.121094,   2.002930,       250
  0.000,0,  -0.063477,  -0.140137,   2.003418,       251
  0.000,0,  -0.047852,  -0.123535,   2.002441,       252
  0.000,0,  -0.055664,  -0.108398,   1.995117,       253
  0.000,0,  -0.080078,  -0.086426,   1.985352,       254
  0.000,0,  -0.092285,  -0.088379,   1.947266,       255
  0.000,0,  -0.104004,  -0.098633,   1.925293,       256
  0.000,0,  -0.133789,  -0.106445,   1.903809,       257
  0.000,0,  -0.129883,  -0.117676,   1.890625,       258
  0.000,0,  -0.108398,  -0.109863,   1.893066,       259
  0.000,0,  -0.112793,  -0.089355,   1.896484,       260
  0.000,0,  -0.127441,  -0.092773,   1.896973,       261
  0.000,0,  -0.125000,  -0.105469,   1.901855,       262
  0.000,0,  -0.144531,  -0.127441,   1.909668,       263
  0.000,0,  -0.143555,  -0.163574,   1.894043,       264
  0.000,0,  -0.139648,  -0.172363,   1.899902,       265
  0.000,0,  -0.151367,  -0.169434,   1.891113,       266
  0.000,0,  -0.139648,  -0.153320,   1.858887,       267
  0.000,0,  -0.145020,  -0.145996,   1.857422,       268
  0.000,0,  -0.147949,  -0.139160,   1.870605,       269
  0.000,0,  -0.137207,  -0.108887,   1.875488,       270
  0.000,0,  -0.125488,  -0.117188,   1.890625,       271
  0.000,0,  -0.137207,  -0.124023,   1.936035,       272
  0.000,0,  -0.115234,  -0.125000,   1.924316,       273
  0.000,0,  -0.080078,  -0.112305,   1.929688,       274
  0.000,0,  -0.079102,  -0.082031,   1.957031,       275
  0.000,0,  -0.086426,  -0.084961,   1.977539,       276
  0.000,0,  -0.081543,  -0.069336,   1.954590,       277
  0.000,0,  -0.085938,  -0.070312,   2.000977,       278
  0.000,0,  -0.087402,  -0.080566,   1.961426,       279
  0.000,0,  -0.081543,  -0.109375,   1.955078,       280
  0.000,0,  -0.089355,  -0.120605,   1.940430,       281
  0.000,0,  -0.091797,  -0.130859,   1.952148,       282
  0.000,0,  -0.086914,  -0.114258,   1.940430,       283
  0.000,0,  -0.112305,  -0.104980,   1.911133,       284
  0.000,0,  -0.102539,  -0.095703,   1.936035,       285
  0.000,0,  -0.084961,  -0.080566,   1.934570,       286
  0.000,0,  -0.099609,  -0.087402,   1.920898,       287
  0.000,0,  -0.122070,  -0.132812,   1.923828,       288
  0.000,0,  -0.118164,  -0.145020,   1.915039,       289
  0.000,0,  -0.118164,  -0.172363,   1.902344,       290
  0.000,0,  -0.104004,  -0.176270,   1.932617,       291
  0.000,0,  -0.123535,  -0.171875,   1.922852,       292
  0.000,0,  -0.105957,  -0.130371,   1.907227,       293
  0.000,0,  -0.106934,  -0.090820,   1.954590,       294
  0.000,0,  -0.119141,  -0.093262,   1.928711,       295
  0.000,0,  -0.124023,  -0.070312,   1.937988,       296
  0.000,0,  -0.127441,  -0.107910,   1.915039,       297
  0.000,0,  -0.129395,  -0.144043,   1.955078,       298
  0.000,0,  -0.123535,  -0.165039,   1.918457,       299
  0.000,0,  -0.132812,  -0.194824,   1.937500,       300
  0.000,0,  -0.137207,  -0.183594,   1.910156,       301
  0.000,0,  -0.124023,  -0.179688,   1.903320,       302
  0.000,0,  -0.138672,  -0.137207,   1.904297,       303
  0.000,0,  -0.126953,  -0.117676,   1.926270,       304
  0.000,0,  -0.098633,  -0.099609,   1.924805,       305
  0.000,0,  -0.106445,  -0.062500,   1.920898,       306
  0.000,0,  -0.116699,  -0.070312,   1.953125,       307
  0.000,0,  -0.124512,  -0.081543,   1.954102,       308
  0.000,0,  -0.107422,  -0.093262,   1.967773,       309
  0.000,0,  -0.104492,  -0.111328,   1.945801,       310
  0.000,0,  -0.110840,  -0.119629,   1.951172,       311
  0.000,0,  -0.110352,  -0.122559,   1.924316,       312
  0.000,0,  -0.105469,  -0.125977,   1.917969,       313
  0.000,0,  -0.118164,  -0.121582,   1.877930,       314
  0.000,0,  -0.148926,  -0.101562,   1.847656,       315
  0.000,0,  -0.163086,  -0.088379,   1.834473,       316
  0.000,0,  -0.158691,  -0.102051,   1.851074,       317
  0.000,0,  -0.156250,  -0.099121,   1.887695,       318
  0.000,0,  -0.123047,  -0.111816,   1.931152,       319
  0.000,0,  -0.077148,  -0.114258,   1.947266,       320
  0.000,0,  -0.055664,  -0.097168,   1.969238,       321
  0.000,0,  -0.067383,  -0.101562,   1.972168,       322
  0.000,0,  -0.074707,  -0.105469,   1.972168,       323
  0.000,0,  -0.110840,  -0.123535,   1.926270,       324
  0.000,0,  -0.122070,  -0.148438,   1.910156,       325
  0.000,0,  -0.137695,  -0.167969,   1.864746,       326
  0.000,0,  -0.141113,  -0.161621,   1.865234,       327
  0.000,0,  -0.125488,  -0.147461,   1.879883,       328
  0.000,0,  -0.130371,  -0.123047,   1.887695,       329
  0.000,0,  -0.130859,  -0.105957,   1.907715,       330
  0.000,0,  -0.116699,  -0.076660,   1.904297,       331
  0.000,0,  -0.092773,  -0.065430,   1.911133,       332
  0.000,0,  -0.104980,  -0.075195,   1.923340,       333
  0.000,0,  -0.107422,  -0.124512,   1.951172,       334
  0.000,0,  -0.087402,  -0.154297,   1.959961,       335
  0.000,0,  -0.087402,  -0.165039,   1.944336,       336
  0.000,0,  -0.102539,  -0.147949,   1.910645,       337
  0.000,0,  -0.119141,  -0.131348,   1.906738,       338
  0.000,0,  -0.130859,  -0.081543,   1.907227,       339
  0.000,0,  -0.141113,  -0.063477,   1.880371,       340
  0.000,0,  -0.158203,  -0.053223,   1.929199,       341
  0.000,0,  -0.159668,  -0.075195,   1.914551,       342
  0.000,0,  -0.137207,  -0.086914,   1.932617,       343
  0.000,0,  -0.125977,  -0.103027,   1.909668,       344
  0.000,0,  -0.107910,  -0.125977,   1.923340,       345
  0.000,0,  -0.097168,  -0.148926,   1.934082,       346
  0.000,0,  -0.093262,  -0.157227,   1.912109,       347
  0.000,0,  -0.093262,  -0.159180,   1.921875,       348
  0.000,0,  -0.113770,  -0.147949,   1.910645,       349
  0.000,0,  -0.113770,  -0.118652,   1.905762,       350
  0.000,0,  -0.104980,  -0.100586,   1.901855,       351
  0.000,0,  -0.119141,  -0.080078,   1.875977,       352
  0.000,0,  -0.117676,  -0.072754,   1.914062,       353
  0.000,0,  -0.123047,  -0.070801,   1.917480,       354
  0.000,0,  -0.114258,  -0.094727,   1.915039,       355
  0.000,0,  -0.126465,  -0.133301,   1.916504,       356
  0.000,0,  -0.111328,  -0.152832,   1.941406,       357
  0.000,0,  -0.112793,  -0.159668,   1.933594,       358
  0.000,0,  -0.113770,  -0.159180,   1.960938,       359
  0.000,0,  -0.114746,  -0.161621,   1.974609,       360
  0.000,0,  -0.112793,  -0.162109,   1.979004,       361
  0.000,0,  -0.078613,  -0.165527,   2.000000,       362
  0.000,0,  -0.071777,  -0.171875,   1.996582,       363
  0.000,0,  -0.087891,  -0.166016,   1.949707,       364
  0.000,0,  -0.104980,  -0.164551,   1.899902,       365
  0.000,0,  -0.126465,  -0.167480,   1.889160,       366
  0.000,0,  -0.143066,  -0.158203,   1.889160,       367
  0.000,0,  -0.141113,  -0.142578,   1.889648,       368
  0.000,0,  -0.150879,  -0.110840,   1.929688,       369
  0.000,0,  -0.127441,  -0.098633,   1.925293,       370
  0.000,0,  -0.129395,  -0.090820,   1.920898,       371
  0.000,0,  -0.141602,  -0.081543,   1.914062,       372
  0.000,0,  -0.125977,  -0.103027,   1.926270,       373
  0.000,0,  -0.125977,  -0.094727,   1.953613,       374
  0.000,0,  -0.109863,  -0.092285,   1.937012,       375
  0.000,0,  -0.104004,  -0.098633,   1.947754,       376
  0.000,0,  -0.111328,  -0.093262,   1.928223,       377
  0.000,0,  -0.121582,  -0.094727,   1.920898,       378
  0.000,0,  -0.123535,  -0.094238,   1.935547,       379
  0.000,0,  -0.114258,  -0.101074,   1.925293,       380
  0.000,0,  -0.101074,  -0.108398,   1.911133,       381
  0.000,0,  -0.086914,  -0.118164,   1.912109,       382
  0.000,0,  -0.078125,  -0.152344,   1.923340,       383
  0.000,0,  -0.111816,  -0.139160,   1.900391,       384
  0.000,0,  -0.087891,  -0.112793,   1.871094,       385
  0.000,0,  -0.092773,  -0.107910,   1.915039,       386
  0.000,0,  -0.101562,  -0.088379,   1.907715,       387
  0.000,0,  -0.135254,  -0.072266,   1.899902,       388
  0.000,0,  -0.129395,  -0.067383,   1.870605,       389
  0.000,0,  -0.126465,  -0.051270,   1.877930,       390
  0.000,0,  -0.121582,  -0.049316,   1.904297,       391
  0.000,0,  -0.133789,  -0.065430,   1.894043,       392
  0.000,0,  -0.145020,  -0.059082,   1.901855,       393
  0.000,0,  -0.166504,  -0.088867,   1.870117,       394
  0.000,0,  -0.154785,  -0.095703,   1.887207,       395
  0.000,0,  -0.132812,  -0.090332,   1.897461,       396
  0.000,0,  -0.120605,  -0.097168,   1.899902,       397
  0.000,0,  -0.131348,  -0.133789,   1.928711,       398
  0.000,0,  -0.133301,  -0.125000,   1.932617,       399
  0.000,0,  -0.121094,  -0.150391,   1.939941,       400
  0.000,0,  -0.116211,  -0.136230,   1.937500,       401
  0.000,0,  -0.109375,  -0.149414,   1.951172,       402
  0.000,0,  -0.138672,  -0.131348,   1.924316,       403
  0.000,0,  -0.126465,  -0.134766,   1.933594,       404
  0.000,0,  -0.140137,  -0.164062,   1.932617,       405
  0.000,0,  -0.128906,  -0.186035,   1.909180,       406
  0.000,0,  -0.138184,  -0.182129,   1.911621,       407
  0.000,0,  -0.123047,  -0.183105,   1.906250,       408
  0.000,0,  -0.140625,  -0.152832,   1.914062,       409
  0.000,0,  -0.130859,  -0.137207,   1.924316,       410
  0.000,0,  -0.127930,  -0.107422,   1.918457,       411
  0.000,0,  -0.113770,  -0.091309,   1.945801,       412
  0.000,0,  -0.099609,  -0.084961,   1.962891,       413
  0.000,0,  -0.110352,  -0.084473,   1.960449,       414
  0.000,0,  -0.108887,  -0.080078,   1.952148,       415
  0.000,0,  -0.111328,  -0.085938,   1.952637,       416
  0.000,0,  -0.125488,  -0.103027,   1.929199,       417
  0.000,0,  -0.122070,  -0.112793,   1.906738,       418
  0.000,0,  -0.125977,  -0.121582,   1.927734,       419
  0.000,0,  -0.126953,  -0.152344,   1.908203,       420
  0.000,0,  -0.144531,  -0.166504,   1.907715,       421
  0.000,0,  -0.137695,  -0.164062,   1.931152,       422
  0.000,0,  -0.119141,  -0.152832,   1.910645,       423
  0.000,0,  -0.104004,  -0.118164,   1.913086,       424
  0.000,0,  -0.114746,  -0.080078,   1.940918,       425
  0.000,0,  -0.110352,  -0.067871,   1.955566,       426
  0.000,0,  -0.112793,  -0.075195,   1.949219,       427
  0.000,0,  -0.133301,  -0.084961,   1.952148,       428
  0.000,0,  -0.108398,  -0.120117,   1.931641,       429
  0.000,0,  -0.110352,  -0.112793,   1.950684,       430
  0.000,0,  -0.104004,  -0.119141,   1.927734,       431
  0.000,0,  -0.113770,  -0.115234,   1.905762,       432
  0.000,0,  -0.138184,  -0.100098,   1.910156,       433
  0.000,0,  -0.128906,  -0.096680,   1.896973,       434
  0.000,0,  -0.117188,  -0.114258,   1.876953,       435
  0.000,0,  -0.143066,  -0.097168,   1.864746,       436
  0.000,0,  -0.150879,  -0.123535,   1.868164,       437
  0.000,0,  -0.152832,  -0.136230,   1.865234,       438
  0.000,0,  -0.146973,  -0.158203,   1.866699,       439
  0.000,0,  -0.166992,  -0.160156,   1.854980,       440
  0.000,0,  -0.150879,  -0.165039,   1.865723,       441
  0.000,0,  -0.121582,  -0.144043,   1.879883,       442
  0.000,0,  -0.124512,  -0.123535,   1.911133,       443
  0.000,0,  -0.113770,  -0.110352,   1.937988,       444
  0.000,0,  -0.112305,  -0.088867,   1.943848,       445
  0.000,0,  -0.091309,  -0.090820,   1.956055,       446
  0.000,0,  -0.080566,  -0.091309,   1.974609,       447
  0.000,0,  -0.090820,  -0.087891,   1.961426,       448
  0.000,0,  -0.074219,  -0.101562,   1.966309,       449
  0.000,0,  -0.061523,  -0.089844,   1.991211,       450
  0.000,0,  -0.058105,  -0.100586,   1.961426,       451
  0.000,0,  -0.047852,  -0.091309,   1.957031,       452
  0.000,0,  -0.067871,  -0.104492,   1.938477,       453
  0.000,0,  -0.084473,  -0.109863,   1.896973,       454
  0.000,0,  -0.097168,  -0.149902,   1.864746,       455
  0.000,0,  -0.132812,  -0.133301,   1.842773,       456
  0.000,0,  -0.126953,  -0.173828,   1.824219,       457
  0.000,0,  -0.139648,  -0.158203,   1.833984,       458
  0.000,0,  -0.170898,  -0.150879,   1.859375,       459
  0.000,0,  -0.166992,  -0.139160,   1.898438,       460
  0.000,0,  -0.131348,  -0.094238,   1.936035,       461
  0.000,0,  -0.050781,  -0.052246,   1.989746,       462
  0.000,0,  -0.055664,  -0.008301,   2.019531,       463
  0.000,0,  -0.065918,  -0.016602,   2.023926,       464
  0.000,0,  -0.072266,  -0.022949,   2.003418,       465
  0.000,0,  -0.088867,  -0.039062,   1.977539,       466
  0.000,0,  -0.111816,  -0.087891,   1.964355,       467
  0.000,0,  -0.112793,  -0.127441,   1.941895,       468
  0.000,0,  -0.098145,  -0.159668,   1.882812,       469
  0.000,0,  -0.130371,  -0.190918,   1.877441,       470
  0.000,0,  -0.144043,  -0.227051,   1.842285,       471
  0.000,0,  -0.142090,  -0.244141,   1.812988,       472
  0.000,0,  -0.157715,  -0.248047,   1.833984,       473
  0.000,0,  -0.150879,  -0.233887,   1.884277,       474
  0.000,0,  -0.150879,  -0.193848,   1.891113,       475
  0.000,0,  -0.139160,  -0.151855,   1.937988,       476
  0.000,0,  -0.102539,  -0.072266,   1.970703,       477
  0.000,0,  -0.098145,  -0.038574,   2.012695,       478
  0.000,0,  -0.084961,  -0.029297,   2.052734,       479
  0.000,0,  -0.066406,  -0.069824,   2.055176,       480
  0.000,0,  -0.069336,  -0.098145,   2.097168,       481
  0.000,0,  -0.057617,  -0.141113,   2.112305,       482
  0.000,0,  -0.053711,  -0.145020,   2.104492,       483
  0.000,0,  -0.057617,  -0.117188,   2.079102,       484
  0.000,0,  -0.090820,  -0.070801,   2.080078,       485
  0.000,0,  -0.124023,  -0.068359,   2.050293,       486
  0.000,0,  -0.102539,  -0.051270,   2.069336,       487
  0.000,0,  -0.090820,  -0.062012,   2.076660,       488
  0.000,0,  -0.111328,  -0.075195,   2.094238,       489
  0.000,0,  -0.104492,  -0.120117,   2.130371,       490
  0.000,0,  -0.077637,  -0.129883,   2.125977,       491
  0.000,0,  -0.049805,  -0.129395,   2.137695,       492
  0.000,0,  -0.057617,  -0.116211,   2.184082,       493
  0.000,0,  -0.082520,  -0.095215,   2.203125,       494
  0.000,0,  -0.076172,  -0.040527,   2.248535,       495
  0.000,0,  -0.061523,  -0.034180,   2.276367,       496
  0.000,0,  -0.066406,  -0.014160,   2.355469,       497
  0.000,0,  -0.046875,  -0.020020,   2.397461,       498
  0.000,0,  -0.068359,  -0.085449,   2.340332,       499
  0.000,0,  -0.069336,  -0.096191,   2.374023,       500
  0.000,0,  -0.084473,  -0.137695,   2.388672,       501
  0.000,0,  -0.072266,  -0.159668,   2.373535,       502
  0.000,0,  -0.094238,  -0.199219,   2.378906,       503
  0.000,0,  -0.077637,  -0.168457,   2.374512,       504
  0.000,0,   0.031250,  -0.193848,   2.461426,       505
  0.000,0,   0.014648,  -0.173340,   2.525879,       506
  0.000,0,  -0.148926,  -0.093262,   2.503906,       507
  0.000,0,  -0.099121,  -0.353516,   2.582031,       508
  0.000,0,   0.028809,  -0.264648,   2.673828,       509
  0.000,0,   0.202637,  -0.234863,   2.694336,       510
  0.000,0,   0.176270,  -0.161133,   2.703613,       511
  0.000,0,   0.065430,  -0.312988,   2.368652,       512
  0.000,0,   0.076172,  -0.115723,   2.605469,       513
  0.000,0,   0.081543,  -0.105469,   2.647949,       514
  0.000,0,   0.069336,  -0.102539,   2.563477,       515
  0.000,0,   0.019043,  -0.162109,   2.545410,       516
  0.000,0,  -0.074219,  -0.174316,   2.282715,       517
  0.000,0,  -0.086426,  -0.173340,   2.190430,       518
  0.000,0,  -0.007324,  -0.230469,   2.207520,       519
  0.000,0,   0.002930,  -0.160645,   2.149902,       520
  0.000,0,  -0.010254,  -0.177734,   2.120605,       521
  0.000,0,  -0.069336,  -0.083984,   1.974609,       522
  0.000,0,  -0.149902,  -0.070801,   1.995605,       523
  0.000,0,  -0.122070,  -0.108398,   1.892578,       524
  0.000,0,  -0.255859,  -0.105469,   1.709473,       525
  0.000,0,  -0.264648,  -0.176758,   1.623535,       526
  0.000,0,  -0.229980,  -0.233398,   1.757812,       527
  0.000,0,  -0.271484,  -0.260742,   1.667969,       528
  0.000,0,  -0.220703,  -0.297363,   1.770996,       529
  0.000,0,  -0.200684,  -0.319336,   1.695801,       530
  0.000,0,  -0.154785,  -0.286133,   1.745605,       531
  0.000,0,  -0.121094,  -0.232422,   1.911621,       532
  0.000,0,  -0.209961,  -0.088867,   1.917969,       533
  0.000,0,  -0.182129,  -0.076172,   1.996094,       534
  0.000,0,  -0.165527,  -0.015625,   2.031738,       535
  0.000,0,  -0.144043,   0.019531,   2.029785,       536
  0.000,0,  -0.084473,   0.012695,   2.060547,       537
  0.000,0,  -0.035156,   0.048340,   2.129395,       538
  0.000,0,  -0.068848,   0.190918,   2.109375,       539
  0.000,0,   0.033691,   0.040527,   2.173340,       540
  0.000,0,   0.204102,   0.036133,   2.166016,       541
  0.000,0,   0.108398,  -0.024414,   1.991699,       542
  0.000,0,   0.145020,   0.051270,   1.943848,       543
  0.000,0,   0.351562,  -0.034180,   1.840332,       544
  0.000,0,   0.574219,   0.130859,   1.908691,       545
  0.000,0,   0.142578,   0.003418,   1.652832,       546
  0.000,0,   0.212891,   0.103027,   1.931152,       547
  0.000,0,  -0.627441,   0.087402,   0.848145,       548
  0.000,0,  -1.021484,  -0.108398,   0.284668,       549
  0.000,0,  -0.385254,  -0.280273,   1.702148,       550
  0.000,0,  -0.039551,  -0.186523,   1.020996,       551
  0.000,0,   0.142578,  -0.238281,   1.659668,       552
  0.000,0,  -0.002441,  -0.287598,   1.333496,       553
  0.000,0,   0.159668,  -0.258301,   1.320312,       554
  0.000,0,   0.294922,  -0.203125,   2.008789,       555
  0.000,0,  -0.034668,  -0.276367,   1.405273,       556
  0.000,0,  -0.194824,  -0.177734,   1.479980,       557
  0.000,0,  -0.159668,  -0.176270,   1.334961,       558
  0.000,0,  -0.093262,  -0.183594,   1.189941,       559
  0.000,0,   0.384766,   0.049316,   1.860840,       560
  0.000,0,   0.002441,  -0.161621,   1.264160,       561
  0.000,0,  -0.200684,  -0.087891,   1.171875,       562
  0.000,0,  -0.051758,  -0.236816,   1.670410,       563
  0.000,0,   0.266113,  -0.015625,   1.397461,       564
  0.000,0,   0.146973,  -0.132812,   1.838379,       565
  0.000,0,  -0.355957,  -0.203125,   1.166016,       566
  0.000,0,  -0.477051,  -0.124512,   1.348145,       567
  0.000,0,  -0.137695,  -0.106934,   1.741699,       568
  0.000,0,   0.041992,   0.078613,   1.676270,       569
  0.000,0,  -0.123047,  -0.157715,   1.770020,       570
  0.000,0,  -0.304199,  -0.033203,   1.412109,       571
  0.000,0,  -0.126953,  -0.118652,   1.567871,       572
  0.000,0,  -0.031250,  -0.068359,   1.858887,       573
  0.000,0,  -0.054199,  -0.266113,   1.652832,       574
  0.000,0,   0.288574,  -0.103027,   1.979004,       575
  0.000,0,   0.177246,  -0.054199,   1.889160,       576
  0.000,0,  -0.155273,  -0.180176,   1.687988,       577
  0.000,0,  -0.232422,  -0.220703,   1.740723,       578
  0.000,0,   0.057129,  -0.102539,   1.772461,       579
  0.000,0,   0.050781,  -0.077637,   1.900391,       580
  0.000,0,  -0.125000,  -0.063965,   1.400391,       581
  0.000,0,  -0.341309,  -0.191895,   1.270020,       582
  0.000,0,  -0.261230,  -0.125000,   1.574707,       583
  0.000,0,  -0.208984,  -0.198242,   1.339355,       584
  0.000,0,  -0.062012,  -0.175781,   1.529785,       585
  0.000,0,   0.026367,  -0.215820,   1.507812,       586
  0.000,0,   0.075195,  -0.198730,   1.724609,       587
  0.000,0,   0.081055,  -0.201172,   1.833008,       588
  0.000,0,  -0.017578,  -0.145996,   1.734375,       589
  0.000,0,   0.014160,  -0.155762,   1.777832,       590
  0.000,0,   0.013184,  -0.180176,   1.761719,       591
  0.000,0,   0.262207,  -0.030273,   2.080566,       592
  0.000,0,   0.219727,   0.111816,   2.285645,       593
  0.000,0,  -0.187988,  -0.167969,   1.509766,       594
  0.000,0,  -0.318848,  -0.228516,   1.712891,       595
  0.000,0,  -0.391602,  -0.279297,   1.371094,       596
  0.000,0,  -0.169434,  -0.343750,   1.740723,       597
  0.000,0,  -0.035645,  -0.386230,   1.687988,       598
  0.000,0,  -0.090820,  -0.428223,   1.455078,       599
  0.000,0,  -0.145508,  -0.373047,   1.624023,       600
  0.000,0,  -0.229492,  -0.339844,   1.498047,       601
  0.000,0,  -0.182617,  -0.269531,   1.698242,       602
  0.000,0,  -0.165527,  -0.217285,   1.729004,       603
  0.000,0,  -0.189941,  -0.218750,   1.632812,       604
  0.000,0,  -0.162109,  -0.259766,   1.672363,       605
  0.000,0,  -0.146484,  -0.275391,   1.622559,       606
  0.000,0,  -0.122559,  -0.318848,   1.655273,       607
  0.000,0,  -0.139648,  -0.322754,   1.663574,       608
  0.000,0,  -0.209961,  -0.293457,   1.591309,       609
  0.000,0,  -0.222656,  -0.303711,   1.597168,       610
  0.000,0,  -0.229004,  -0.269531,   1.566895,       611
  0.000,0,  -0.280273,  -0.275879,   1.461914,       612
  0.000,0,  -0.291504,  -0.213379,   1.455566,       613
  0.000,0,  -0.231934,  -0.169434,   1.507324,       614
  0.000,0,  -0.240723,  -0.166016,   1.517090,       615
  0.000,0,  -0.063965,  -0.077637,   1.692871,       616
  0.000,0,   0.036621,  -0.055664,   1.737793,       617
  0.000,0,   0.064941,  -0.059570,   1.843262,       618
  0.000,0,   0.131348,  -0.051270,   2.000488,       619
  0.000,0,   0.059570,  -0.076172,   2.008789,       620
  0.000,0,  -0.033691,  -0.038574,   2.060547,       621
  0.000,0,   0.078125,  -0.067871,   2.108398,       622
  0.000,0,   0.091797,  -0.114258,   2.010254,       623
  0.000,0,   0.044922,  -0.122559,   2.017578,       624
  0.000,0,  -0.027832,  -0.165039,   1.912598,       625
  0.000,0,  -0.100098,  -0.251465,   1.784668,       626
  0.000,0,  -0.155273,  -0.303711,   1.737305,       627
  0.000,0,  -0.182617,  -0.373047,   1.680176,       628
  0.000,0,  -0.139160,  -0.387207,   1.692383,       629
  0.000,0,  -0.131836,  -0.385254,   1.670410,       630
  0.000,0,  -0.035156,  -0.324707,   1.788086,       631
  0.000,0,   0.003906,  -0.257324,   1.865234,       632
  0.000,0,  -0.015137,  -0.169434,   1.831055,       633
  0.000,0,  -0.084961,  -0.036133,   1.879883,       634
  0.000,0,  -0.162109,   0.071777,   1.833008,       635
  0.000,0,  -0.173828,   0.113281,   1.865723,       636
  0.000,0,  -0.131836,   0.078613,   1.865234,       637
  0.000,0,  -0.069824,   0.026855,   1.850098,       638
  0.000,0,  -0.041504,  -0.071777,   1.805664,       639
  0.000,0,  -0.039551,  -0.163574,   1.825195,       640
  0.000,0,  -0.066895,  -0.271973,   1.843750,       641
  0.000,0,  -0.074219,  -0.360840,   1.890137,       642
  0.000,0,  -0.005859,  -0.350098,   1.955566,       643
  0.000,0,   0.200684,  -0.335449,   2.172363,       644
  0.000,0,   0.485352,  -0.259277,   2.421875,       645
  0.000,0,   0.661621,  -0.115234,   2.685547,       646
  0.000,0,   0.560547,  -0.019043,   2.708984,       647
  0.000,0,   0.336914,   0.009766,   2.621094,       648
  0.000,0,  -0.070312,  -0.000977,   2.349609,       649
  0.000,0,  -0.296875,  -0.054688,   2.116211,       650
  0.000,0,  -0.114746,  -0.062012,   2.192383,       651
  0.000,0,  -0.043945,  -0.162598,   2.135254,       652
  0.000,0,  -0.093262,  -0.239746,   2.104980,       653
  0.000,0,  -0.141602,  -0.311523,   2.061035,       654
  0.000,0,  -0.087402,  -0.341309,   2.030762,       655
  0.000,0,  -0.047852,  -0.388184,   2.011230,       656
  0.000,0,   0.005859,  -0.447754,   1.986816,       657
  0.000,0,   0.036621,  -0.481445,   1.961914,       658
  0.000,0,  -0.021484,  -0.499023,   1.867188,       659
  0.000,0,  -0.119629,  -0.510254,   1.824219,       660
  0.000,0,  -0.109375,  -0.461426,   1.816406,       661
  0.000,0,   0.042480,  -0.342285,   1.997070,       662
  0.000,0,   0.187988,  -0.203613,   2.164551,       663
  0.000,0,   0.104004,  -0.113281,   2.270508,       664
  0.000,0,   0.163086,  -0.023926,   2.308594,       665
  0.000,0,   0.250000,   0.057617,   2.388672,       666
  0.000,0,   0.172363,   0.065430,   2.315918,       667
  0.000,0,   0.037598,   0.030273,   2.156250,       668
  0.000,0,   0.047363,   0.023926,   2.171387,       669
  0.000,0,   0.011230,   0.030273,   2.052734,       670
  0.000,0,  -0.055176,   0.004883,   1.967285,       671
  0.000,0,   0.058594,  -0.031250,   1.951660,       672
  0.000,0,   0.083496,  -0.070801,   1.883301,       673
  0.000,0,   0.122070,  -0.119629,   1.823730,       674
  0.000,0,   0.119629,  -0.160645,   1.758301,       675
  0.000,0,   0.039062,  -0.230957,   1.669434,       676
  0.000,0,  -0.050781,  -0.291016,   1.625488,       677
  0.000,0,  -0.042480,  -0.316406,   1.645996,       678
  0.000,0,  -0.035156,  -0.353027,   1.660156,       679
  0.000,0,  -0.001465,  -0.331055,   1.743652,       680
  0.000,0,   0.032227,  -0.279297,   1.824219,       681
  0.000,0,   0.104980,  -0.234863,   1.906250,       682
  0.000,0,   0.129883,  -0.185059,   1.922852,       683
  0.000,0,   0.130859,  -0.142578,   1.925293,       684
  0.000,0,   0.094727,  -0.118164,   1.913086,       685
  0.000,0,   0.019531,  -0.116699,   1.894531,       686
  0.000,0,  -0.034180,  -0.105957,   1.900879,       687
  0.000,0,  -0.036621,  -0.120117,   1.954102,       688
  0.000,0,   0.000488,  -0.136230,   1.964355,       689
  0.000,0,   0.022461,  -0.174316,   1.984863,       690
  0.000,0,   0.006348,  -0.203613,   1.948730,       691
  0.000,0,  -0.037109,  -0.235840,   1.973145,       692
  0.000,0,  -0.020996,  -0.225098,   2.013184,       693
  0.000,0,   0.010254,  -0.213379,   2.023926,       694
  0.000,0,   0.057617,  -0.211914,   2.063965,       695
  0.000,0,   0.075684,  -0.204102,   2.082031,       696
  0.000,0,   0.144531,  -0.172363,   2.104492,       697
  0.000,0,   0.133789,  -0.151855,   2.092285,       698
  0.000,0,   0.122559,  -0.098145,   2.066406,       699
  0.000,0,   0.131836,  -0.058594,   2.057617,       700
  0.000,0,   0.126465,  -0.042480,   2.036621,       701
  0.000,0,   0.127441,  -0.002441,   2.041504,       702
  0.000,0,   0.089844,   0.010742,   2.005371,       703
  0.000,0,   0.017090,   0.021973,   2.031738,       704
  0.000,0,  -0.021484,   0.108398,   2.028809,       705
  0.000,0,  -0.021484,   0.097656,   2.039551,       706
  0.000,0,  -0.000488,   0.047852,   2.048828,       707
  0.000,0,   0.020508,   0.140625,   2.088867,       708
  0.000,0,  -0.001465,   0.169922,   2.072754,       709
  0.000,0,  -0.023438,   0.172852,   2.012695,       710
  0.000,0,  -0.054199,   0.118164,   1.979004,       711
  0.000,0,  -0.102051,   0.033203,   1.942871,       712
  0.000,0,  -0.103027,  -0.130859,   1.890137,       713
  0.000,0,  -0.106445,  -0.243652,   1.858887,       714
  0.000,0,  -0.096191,  -0.355469,   1.753906,       715
  0.000,0,  -0.077637,  -0.443848,   1.691406,       716
  0.000,0,  -0.052734,  -0.454590,   1.696289,       717
  0.000,0,  -0.020508,  -0.413574,   1.650391,       718
  0.000,0,   0.039062,  -0.315918,   1.689453,       719
  0.000,0,   0.057617,  -0.204590,   1.678223,       720
  0.000,0,   0.038574,  -0.120605,   1.713867,       721
  0.000,0,   0.011719,  -0.078125,   1.736328,       722
  0.000,0,   0.039551,  -0.065430,   1.747070,       723
  0.000,0,   0.082520,  -0.023926,   1.759277,       724
  0.000,0,   0.105957,  -0.026855,   1.748047,       725
  0.000,0,   0.094238,  -0.017578,   1.740234,       726
  0.000,0,   0.092773,  -0.019043,   1.697266,       727
  0.000,0,   0.111816,  -0.014648,   1.752441,       728
  0.000,0,   0.087891,  -0.031738,   1.716309,       729
  0.000,0,   0.083984,  -0.053223,   1.781250,       730
  0.000,0,   0.070312,  -0.101562,   1.800293,       731
  0.000,0,   0.094238,  -0.128906,   1.784180,       732
  0.000,0,   0.109375,  -0.162598,   1.775879,       733
  0.000,0,   0.121582,  -0.138672,   1.787109,       734
  0.000,0,   0.140137,  -0.101562,   1.808594,       735
  0.000,0,   0.139160,  -0.046387,   1.855957,       736
  0.000,0,   0.157227,  -0.022461,   1.941406,       737
  0.000,0,   0.180664,  -0.038574,   2.010742,       738
  0.000,0,   0.214844,  -0.082520,   2.046875,       739
  0.000,0,   0.249512,  -0.125000,   2.078125,       740
  0.000,0,   0.184570,  -0.226074,   2.064941,       741
  0.000,0,   0.139160,  -0.280762,   2.071289,       742
  0.000,0,   0.118164,  -0.354004,   2.039062,       743
  0.000,0,   0.092285,  -0.439453,   1.999512,       744
  0.000,0,   0.074219,  -0.476562,   1.997559,       745
  0.000,0,   0.064453,  -0.447754,   1.959473,       746
  0.000,0,   0.062012,  -0.419922,   1.951172,       747
  0.000,0,   0.083008,  -0.365723,   1.930176,       748
  0.000,0,   0.086914,  -0.296387,   1.915039,       749
  0.000,0,   0.106934,  -0.233887,   1.908691,       750
  0.000,0,   0.083984,  -0.139160,   1.867188,       751
  0.000,0,   0.069336,  -0.075684,   1.876953,       752
  0.000,0,   0.112793,   0.016113,   1.885742,       753
  0.000,0,   0.153320,   0.112305,   1.874023,       754
  0.000,0,   0.170410,   0.163574,   1.875977,       755
  0.000,0,   0.155273,   0.172363,   1.885742,       756
  0.000,0,   0.140137,   0.171875,   1.855469,       757
  0.000,0,   0.167969,   0.157227,   1.829590,       758
  0.000,0,   0.183105,   0.146484,   1.767090,       759
  0.000,0,   0.192383,   0.104492,   1.739258,       760
  0.000,0,   0.159180,   0.065430,   1.664551,       761
  0.000,0,   0.118164,  -0.013184,   1.627441,       762
  0.000,0,   0.553711,  -0.022461,   1.916016,       763
  0.000,0,   0.907715,  -0.075684,   2.230469,       764
  0.000,0,   0.249023,  -0.195312,   1.506836,       765
  0.000,0,   0.357910,  -0.191895,   2.181641,       766
  0.000,0,   0.202148,  -0.418945,   1.934570,       767
  0.000,0,   0.198242,  -0.433594,   1.692383,       768
  0.000,0,   0.069824,   0.595215,   2.990723,       769
  0.000,0,   0.737793,   0.044434,   1.938477,       770
  0.000,0,   0.727051,   0.709473,   2.897461,       771
  0.000,0,   0.550293,   0.857910,   2.297363,       772
  0.000,0,   0.321289,   0.305664,   2.126465,       773
  0.000,0,   0.045410,  -0.154297,   1.528320,       774
  0.000,0,  -0.263184,  -0.268555,   1.463379,       775
  0.000,0,  -0.045898,  -0.251953,   1.767578,       776
  0.000,0,   0.573730,  -0.286621,   1.585449,       777
  0.000,0,   0.324707,  -0.348633,   1.901367,       778
  0.000,0,   0.287109,  -0.260254,   1.744629,       779
  0.000,0,  -0.041992,  -0.190430,   1.902344,       780
  0.000,0,  -0.475098,  -0.351562,   1.854004,       781
  0.000,0,  -0.728516,  -0.388672,   2.128418,       782
  0.000,0,  -0.699707,  -0.212402,   1.745117,       783
  0.000,0,   0.795898,  -0.109375,   2.823730,       784
  0.000,0,   0.587891,   0.037109,   2.723633,       785
  0.000,0,  -0.167480,  -0.076172,   2.263184,       786
  0.000,0,   0.356445,  -0.229492,   2.388672,       787
  0.000,0,   0.359375,  -0.016602,   2.151367,       788
  0.000,0,   0.396484,  -0.338867,   2.413086,       789
  0.000,0,   0.569824,   0.208984,   2.480469,       790
  0.000,0,   0.486816,   0.248535,   2.232910,       791
  0.000,0,   0.763672,   0.258789,   2.152344,       792
  0.000,0,   0.667480,   0.089355,   1.831543,       793
  0.000,0,   0.289551,  -0.114258,   1.776855,       794
  0.000,0,  -0.092285,  -0.016602,   1.794434,       795
  0.000,0,  -0.145020,  -0.003418,   1.797852,       796
  0.000,0,   0.002441,  -0.043457,   1.890137,       797
  0.000,0,   0.028320,  -0.121582,   1.908203,       798
  0.000,0,   0.038574,  -0.267578,   1.991699,       799
  0.000,0,   0.131348,  -0.205078,   2.128906,       800
  0.000,0,   0.122559,  -0.175293,   2.138184,       801
  0.000,0,   0.193848,  -0.005859,   2.182617,       802
  0.000,0,   0.145020,  -0.143066,   2.134277,       803
  0.000,0,  -0.251465,  -0.205566,   1.945801,       804
  0.000,0,  -0.509766,   0.064453,   1.988770,       805
  0.000,0,  -0.230469,   0.048340,   2.020508,       806
  0.000,0,   0.027832,  -0.116211,   1.713867,       807
  0.000,0,  -0.194336,   0.172363,   1.603516,       808
  0.000,0,   0.065430,   0.058105,   1.853027,       809
  0.000,0,   0.031738,   0.056641,   1.983398,       810
  0.000,0,   0.277344,   0.195312,   2.055176,       811
  0.000,0,   0.631348,   0.066406,   2.106934,       812
  0.000,0,   0.467773,  -0.002930,   2.047363,       813
  0.000,0,   0.428711,  -0.010742,   2.158203,       814
  0.000,0,   0.234375,  -0.065430,   2.063477,       815
  0.000,0,  -0.265137,  -0.117676,   1.921875,       816
  0.000,0,  -0.241699,  -0.049316,   1.972656,       817
  0.000,0,  -0.228516,  -0.097168,   1.952148,       818
  0.000,0,  -0.046875,  -0.027832,   1.949707,       819
  0.000,0,   0.034668,  -0.030762,   2.018555,       820
  0.000,0,   0.144043,  -0.175781,   1.937012,       821
  0.000,0,   0.219727,  -0.149902,   2.001953,       822
  0.000,0,   0.164551,   0.003906,   2.069336,       823
  0.000,0,   0.033203,  -0.121582,   1.841309,       824
  0.000,0,   0.002441,  -0.052246,   1.865234,       825
  0.000,0,  -0.020020,  -0.104492,   1.817383,       826
  0.000,0,   0.031738,  -0.138672,   1.809082,       827
  0.000,0,   0.079590,  -0.136230,   1.917480,       828
  0.000,0,   0.145508,  -0.111816,   1.843750,       829
  0.000,0,   0.393066,   0.524414,   2.176758,       830
  0.000,0,   0.329590,   0.179199,   1.957520,       831
  0.000,0,   0.253906,   0.111816,   2.138184,       832
  0.000,0,   0.199219,  -0.079590,   1.929199,       833
  0.000,0,   0.035156,   0.097168,   1.934570,       834
  0.000,0,   0.044434,  -0.104004,   1.719727,       835
  0.000,0,  -0.032227,  -0.064453,   1.696289,       836
  0.000,0,   0.026367,   0.062500,   1.949707,       837
  0.000,0,   0.158203,   0.022461,   1.914551,       838
  0.000,0,   0.188477,   0.008301,   1.920898,       839
  0.000,0,   0.145020,   0.086914,   1.986328,       840
  0.000,0,   0.155273,   0.179688,   2.047852,       841
  0.000,0,   0.171875,   0.153809,   2.070312,       842
  0.000,0,   0.210938,   0.160156,   2.063477,       843
  0.000,0,   0.238770,   0.151855,   2.074219,       844
  0.000,0,   0.271484,   0.164062,   2.043945,       845
  0.000,0,   0.319824,   0.136230,   2.064941,       846
  0.000,0,   0.400391,   0.052734,   2.063965,       847
  0.000,0,   0.280762,  -0.006348,   2.058105,       848
  0.000,0,   0.218262,  -0.047852,   2.057617,       849
  0.000,0,   0.252441,  -0.037598,   2.100098,       850
  0.000,0,   0.235352,  -0.078125,   2.109863,       851
  0.000,0,   0.246582,  -0.104492,   2.039062,       852
  0.000,0,   0.170410,  -0.260742,   1.945801,       853
  0.000,0,   0.126465,   0.026367,   1.950684,       854
  0.000,0,   0.371582,   0.118164,   2.070312,       855
  0.000,0,   0.063965,  -0.159668,   1.757324,       856
  0.000,0,  -0.153809,  -0.065918,   1.673340,       857
  0.000,0,  -0.160645,  -0.070312,   1.649414,       858
  0.000,0,  -0.017578,  -0.003906,   1.601562,       859
  0.000,0,   0.075684,   0.047852,   1.660645,       860
  0.000,0,   0.110840,   0.086426,   1.651367,       861
  0.000,0,   0.333008,   0.163574,   1.804199,       862
  0.000,0,   0.403809,   0.168945,   1.792969,       863
  0.000,0,   0.408691,   0.166504,   1.810059,       864
  0.000,0,   0.316406,   0.166016,   1.850098,       865
  0.000,0,   0.233887,   0.147461,   1.853516,       866
  0.000,0,   0.191895,   0.117676,   1.850098,       867
  0.000,0,   0.188477,   0.097656,   1.873535,       868
  0.000,0,   0.219238,   0.086426,   1.865723,       869
  0.000,0,   0.266602,   0.087891,   1.861328,       870
  0.000,0,   0.268066,   0.131836,   1.911133,       871
  0.000,0,   0.767578,   0.906250,   3.166504,       872
  0.000,0,  -0.332031,   0.489258,   1.722656,       873
  0.000,0,  -0.101562,   0.030762,   1.855957,       874
  0.000,0,   0.079590,  -0.002441,   1.533203,       875
  0.000,0,   0.764160,  -0.125488,   1.863770,       876
  0.000,0,   0.882812,  -0.205078,   1.799805,       877
  0.000,0,   0.496582,  -0.273438,   1.619629,       878
  0.000,0,   1.003418,  -0.477539,   1.638184,       879
  0.000,0,  -0.190918,  -0.291504,   1.887207,       880
  0.000,0,   0.115234,   0.297852,   2.045410,       881
  0.000,0,   0.243652,  -0.031738,   2.004395,       882
  0.000,0,   0.013184,   0.471680,   1.872070,       883
  0.000,0,   0.198242,   0.271484,   1.915039,       884
  0.000,0,   0.409668,   0.133789,   1.922852,       885
  0.000,0,   0.563965,   0.209473,   2.375488,       886
  0.000,0,   0.413086,  -0.072266,   2.219727,       887
  0.000,0,   0.710938,  -0.015625,   2.345703,       888
  0.000,0,   0.507812,  -0.098145,   2.070801,       889
  0.000,0,   0.916992,   0.291992,   2.351074,       890
  0.000,0,   0.335938,  -0.204590,   1.829590,       891
  0.000,0,  -0.317383,   0.115234,   1.476562,       892
  0.000,0,  -0.233398,   0.534180,   2.463379,       893
  0.000,0,   0.053711,   0.584473,   1.738770,       894
  0.000,0,  -0.086426,   0.155273,   2.106445,       895
  0.000,0,   0.046875,   0.164062,   1.519043,       896
  0.000,0,   0.552246,  -0.085449,   1.599609,       897
  0.000,0,   0.520996,  -0.304688,   1.914551,       898
  0.000,0,   0.079590,   0.003906,   1.648926,       899
  0.000,0,  -0.025879,  -0.047852,   1.839355,       900
  0.000,0,  -0.147949,  -0.001465,   1.518555,       901
  0.000,0,  -0.026367,  -0.161133,   1.607910,       902
  0.000,0,   0.246582,   0.037109,   2.004395,       903
  0.000,0,   0.347168,  -0.006836,   1.906250,       904
  0.000,0,   0.144531,   0.124023,   2.001953,       905
  0.000,0,   0.101562,   0.013672,   1.970215,       906
  0.000,0,   0.147949,  -0.013184,   2.037109,       907
  0.000,0,   0.160645,   0.089355,   2.119629,       908
  0.000,0,   0.398438,   0.386230,   2.210449,       909
  0.000,0,   0.631836,   0.521973,   2.401855,       910
  0.000,0,   0.652832,   0.522461,   2.356445,       911
  0.000,0,   0.504883,   0.564453,   2.338867,       912
  0.000,0,   0.360352,   0.837891,   2.432129,       913
  0.000,0,   0.388184,   0.583496,   2.251953,       914
  0.000,0,  -0.349609,   0.319824,   1.819336,       915
  0.000,0,  -0.665039,   0.370605,   1.583496,       916
  0.000,0,  -0.243164,  -0.028320,   1.469238,       917
  0.000,0,   0.880859,   0.193848,   2.203125,       918
  0.000,0,   0.560059,  -0.309570,   1.605957,       919
  0.000,0,   0.559082,  -0.315918,   1.503418,       920
  0.000,0,   0.318848,  -0.241699,   1.518555,       921
  0.000,0,   0.389160,  -0.246094,   1.840332,       922
  0.000,0,   0.564453,  -0.234375,   1.963379,       923
  0.000,0,   0.178711,   0.105469,   2.033203,       924
  0.000,0,   0.057129,   0.023926,   1.900879,       925
  0.000,0,   0.156738,  -0.085938,   1.477539,       926
  0.000,0,   0.378418,  -0.222168,   2.304688,       927
  0.000,0,   0.449707,  -0.147949,   2.185547,       928
  0.000,0,   0.851562,  -0.171387,   2.268555,       929
  0.000,0,   1.897461,  -0.413574,   2.548828,       930
  0.000,0,   0.479004,  -0.115234,   1.980957,       931
  0.000,0,   0.592285,  -0.022949,   2.446777,       932
  0.000,0,  -0.054199,   0.300781,   2.344238,       933
  0.000,0,  -0.284668,   0.447266,   2.206543,       934
  0.000,0,   0.140625,   0.489258,   2.321777,       935
  0.000,0,   0.459961,   0.318848,   2.205078,       936
  0.000,0,   0.715820,   0.286621,   2.457031,       937
  0.000,0,   0.624023,   0.245605,   2.378418,       938
  0.000,0,   0.321289,   0.165039,   2.231445,       939
  0.000,0,   0.338379,   0.045898,   2.075684,       940
  0.000,0,   0.353027,  -0.060059,   2.043457,       941
  0.000,0,   0.521484,  -0.169434,   2.029297,       942
  0.000,0,   0.629883,  -0.151367,   2.018555,       943
  0.000,0,   0.563965,  -0.101074,   2.000000,       944
  0.000,0,   0.343750,  -0.080078,   1.946289,       945
  0.000,0,   0.164551,  -0.056641,   1.845215,       946
  0.000,0,   0.100098,  -0.049316,   1.797363,       947
  0.000,0,   0.088867,  -0.044434,   1.862305,       948
  0.000,0,   0.216309,   0.004883,   2.002930,       949
  0.000,0,   0.265137,  -0.057129,   1.955566,       950
  0.000,0,   0.399902,  -0.238281,   1.901855,       951
  0.000,0,   0.276367,  -0.347656,   1.852539,       952
  0.000,0,   0.327148,  -0.234863,   1.903809,       953
  0.000,0,   0.365723,  -0.215332,   1.927734,       954
  0.000,0,   0.444824,  -0.081543,   1.942383,       955
  0.000,0,   0.371094,   0.071777,   1.904297,       956
  0.000,0,   0.409180,   0.156250,   2.027832,       957
  0.000,0,   0.288086,   0.241699,   1.944824,       958
  0.000,0,   0.251953,   0.241211,   2.029785,       959
  0.000,0,   0.253906,   0.229492,   1.969238,       960
  0.000,0,   0.254395,   0.203613,   1.939453,       961
  0.000,0,   0.405762,   0.157227,   2.273438,       962
  0.000,0,   0.377930,   0.271484,   2.254395,       963
  0.000,0,   0.431641,   0.266113,   2.127441,       964
  0.000,0,   0.333984,   0.376953,   2.263672,       965
  0.000,0,  -0.442383,   0.578613,   2.282227,       966
  0.000,0,  -0.456055,   0.670898,   2.173340,       967
  0.000,0,  -0.032715,   0.762207,   2.451172,       968
  0.000,0,   0.575195,   0.475586,   2.268066,       969
  0.000,0,   0.505859,   0.328125,   2.129395,       970
  0.000,0,   0.342773,   0.116699,   1.945801,       971
  0.000,0,   0.284180,   0.030273,   1.792480,       972
  0.000,0,   0.509766,  -0.007812,   1.820312,       973
  0.000,0,   0.516113,   0.017090,   1.700195,       974
  0.000,0,   0.271484,  -0.085449,   1.475586,       975
  0.000,0,   0.153809,   0.054199,   1.678711,       976
  0.000,0,   0.068848,   0.072754,   1.586914,       977
  0.000,0,   0.164062,   0.078613,   1.643555,       978
  0.000,0,   0.035156,  -0.104492,   1.625488,       979
  0.000,0,  -0.079590,   0.064941,   1.373535,       980
  0.000,0,   0.385742,   0.302246,   2.270020,       981
  0.000,0,   0.565430,   0.250977,   2.285156,       982
  0.000,0,   0.339844,   0.217285,   1.861328,       983
  0.000,0,   0.270508,   0.123535,   2.202148,       984
  0.000,0,   0.168945,   0.077637,   1.860352,       985
  0.000,0,   0.213379,  -0.017090,   2.209961,       986
  0.000,0,   0.111816,  -0.041992,   2.145020,       987
  0.000,0,   0.001465,  -0.019531,   1.976562,       988
  0.000,0,   0.040527,  -0.024414,   2.079102,       989
  0.000,0,   0.072266,   0.049316,   2.010254,       990
  0.000,0,   0.193359,   0.108398,   2.188965,       991
  0.000,0,   0.155762,   0.152344,   2.173340,       992
  0.000,0,   0.151855,   0.111328,   2.087402,       993
  0.000,0,   0.165527,   0.120117,   2.111816,       994
  0.000,0,   0.094727,   0.156250,   1.979980,       995
  0.000,0,   0.127441,   0.180176,   2.081055,       996
  0.000,0,   0.210449,   0.155273,   2.046387,       997
  0.000,0,   0.135254,   0.194824,   2.017578,       998
  0.000,0,   0.112793,   0.192871,   2.052246,       999
  0.000,0,   0.190430,   0.287598,   2.013184,      1000
  0.000,0,   0.273926,   0.210938,   2.034668,      1001
  0.000,0,   0.338379,   0.205566,   2.000488,      1002
  0.000,0,   0.248047,   0.183105,   1.982422,      1003
  0.000,0,   0.176270,   0.129395,   1.983398,      1004
  0.000,0,   0.346680,   0.111328,   1.929688,      1005
  0.000,0,   0.366211,   0.096191,   2.011230,      1006
  0.000,0,   0.342773,   0.069824,   1.896484,      1007
  0.000,0,   0.316895,   0.001465,   1.881348,      1008
  0.000,0,   0.207520,   0.024902,   1.801270,      1009
  0.000,0,   0.193848,   0.025391,   1.736328,      1010
  0.000,0,   0.051270,  -0.015137,   1.753418,      1011
  0.000,0,  -0.168945,   0.022461,   1.720215,      1012
  0.000,0,   0.119629,   0.009277,   1.886719,      1013
  0.000,0,  -0.206055,  -0.102539,   1.814453,      1014
  0.000,0,   0.305664,   0.033203,   1.950684,      1015
  0.000,0,   0.753906,  -0.063965,   2.087402,      1016
  0.000,0,   0.708496,  -0.127441,   1.883301,      1017
  0.000,0,  -0.124512,  -0.203613,   1.637695,      1018
  0.000,0,  -0.401855,  -0.089355,   1.615723,      1019
  0.000,0,  -0.000977,  -0.066406,   1.445801,      1020
  0.000,0,   0.336426,  -0.053223,   1.708984,      1021
  0.000,0,   0.320312,  -0.014160,   1.468750,      1022
  0.000,0,   0.199707,   0.068359,   1.543945,      1023
  0.000,0,   0.085449,   0.121582,   1.493164,      1024
  0.000,0,   0.055176,   0.142090,   1.533203,      1025
  0.000,0,  -0.020020,   0.146973,   1.535645,      1026
  0.000,0,  -0.055176,   0.094727,   1.395508,      1027
  0.000,0,  -0.007812,   0.011719,   1.527344,      1028
  0.000,0,  -0.028809,  -0.052734,   1.599609,      1029
  0.000,0,   0.004395,  -0.106934,   1.789062,      1030
  0.000,0,   0.029785,  -0.108887,   1.865234,      1031
  0.000,0,   0.062988,  -0.126953,   1.866699,      1032
  0.000,0,   0.130371,  -0.135254,   1.907715,      1033
  0.000,0,   0.186035,  -0.134277,   1.887695,      1034
  0.000,0,   0.245117,  -0.104980,   1.838867,      1035
  0.000,0,   0.271973,  -0.080566,   1.769531,      1036
  0.000,0,   0.250000,  -0.041992,   1.715820,      1037
  0.000,0,   0.204590,  -0.032715,   1.684082,      1038
  0.000,0,   0.192383,   0.007324,   1.636719,      1039
  0.000,0,   0.159668,   0.020020,   1.606445,      1040
  0.000,0,   0.068848,   0.005859,   1.610352,      1041
  0.000,0,   0.013672,  -0.012207,   1.586914,      1042
  0.000,0,  -0.007324,  -0.015137,   1.627441,      1043
  0.000,0,  -0.020996,  -0.000977,   1.683594,      1044
  0.000,0,  -0.009277,   0.016602,   1.694336,      1045
  0.000,0,   0.010254,   0.057617,   1.685059,      1046
  0.000,0,   0.025879,   0.073242,   1.644043,      1047
  0.000,0,   0.061035,   0.087891,   1.630859,      1048
  0.000,0,   0.050293,   0.075195,   1.661133,      1049
  0.000,0,   0.067871,   0.050293,   1.657227,      1050
  0.000,0,   0.095215,   0.027344,   1.653809,      1051
  0.000,0,   0.136719,   0.001465,   1.621094,      1052
  0.000,0,   0.150879,  -0.010742,   1.680664,      1053
  0.000,0,   0.179688,  -0.043945,   1.757324,      1054
  0.000,0,   0.191406,  -0.053711,   1.859375,      1055
  0.000,0,   0.187012,  -0.041504,   1.888672,      1056
  0.000,0,   0.173340,  -0.042480,   1.894043,      1057
  0.000,0,   0.181152,  -0.056152,   1.829590,      1058
  0.000,0,   0.151855,  -0.062500,   1.748047,      1059
  0.000,0,   0.077637,  -0.073730,   1.666992,      1060
  0.000,0,  -0.010254,  -0.081055,   1.615723,      1061
  0.000,0,  -0.097168,  -0.057129,   1.631836,      1062
  0.000,0,  -0.131348,  -0.048340,   1.630859,      1063
  0.000,0,  -0.143555,  -0.060059,   1.690430,      1064
  0.000,0,  -0.097168,  -0.066406,   1.751953,      1065
  0.000,0,   0.000000,  -0.081055,   1.847656,      1066
  0.000,0,   0.072266,  -0.077637,   1.960449,      1067
  0.000,0,   0.132324,  -0.073730,   2.043457,      1068
  0.000,0,   0.201660,  -0.064453,   2.089355,      1069
  0.000,0,   0.215820,  -0.063477,   2.081055,      1070
  0.000,0,   0.211914,  -0.063477,   2.079590,      1071
  0.000,0,   0.174316,  -0.047363,   2.034180,      1072
  0.000,0,   0.127930,  -0.012695,   1.990234,      1073
  0.000,0,   0.081055,   0.052734,   1.920898,      1074
  0.000,0,   0.059570,   0.079102,   1.864258,      1075
  0.000,0,   0.050293,   0.112793,   1.796387,      1076
  0.000,0,   0.085938,   0.120117,   1.687500,      1077
  0.000,0,   0.124512,   0.096680,   1.661621,      1078
  0.000,0,   0.137207,   0.042480,   1.619629,      1079
  0.000,0,   0.154785,  -0.003906,   1.596191,      1080
  0.000,0,   0.151855,  -0.060059,   1.549316,      1081
  0.000,0,   0.143066,  -0.136230,   1.556641,      1082
  0.000,0,   0.121582,  -0.172363,   1.585449,      1083
  0.000,0,   0.098633,  -0.166016,   1.703125,      1084
  0.000,0,   0.059570,  -0.133789,   1.754883,      1085
  0.000,0,   0.053711,  -0.104492,   1.792969,      1086
  0.000,0,   0.052246,  -0.078613,   1.833984,      1087
  0.000,0,   0.073242,  -0.045410,   1.902344,      1088
  0.000,0,   0.077148,  -0.019043,   1.923828,      1089
  0.000,0,   0.078125,   0.031250,   1.990723,      1090
  0.000,0,   0.097168,   0.033691,   1.994629,      1091
  0.000,0,   0.107910,  -0.001465,   2.014648,      1092
  0.000,0,   0.114258,  -0.028320,   2.026367,      1093
  0.000,0,   0.101074,  -0.082031,   2.001953,      1094
  0.000,0,   0.109863,  -0.100098,   2.035156,      1095
  0.000,0,   0.128906,  -0.093750,   2.025391,      1096
  0.000,0,   0.197266,  -0.058594,   1.994141,      1097
  0.000,0,   0.206055,   0.020996,   2.014160,      1098
  0.000,0,   0.202637,   0.087891,   1.931152,      1099
  0.000,0,   0.212891,   0.160645,   1.864746,      1100
  0.000,0,   0.203125,   0.229492,   1.874512,      1101
  0.000,0,   0.169434,   0.219727,   1.826660,      1102
  0.000,0,   0.124512,   0.183105,   1.727539,      1103
  0.000,0,   0.094727,   0.183105,   1.729004,      1104
  0.000,0,   0.028809,   0.141602,   1.789062,      1105
  0.000,0,   0.056152,   0.073730,   1.797363,      1106
  0.000,0,   0.007812,   0.029785,   1.859863,      1107
  0.000,0,   0.022461,   0.039062,   1.947266,      1108
  0.000,0,   0.104980,  -0.063965,   1.911133,      1109
  0.000,0,   0.132324,  -0.109375,   1.836426,      1110
  0.000,0,   0.122559,  -0.163086,   1.826660,      1111
  0.000,0,   0.042969,  -0.122070,   1.751465,      1112
  0.000,0,  -0.057617,  -0.111816,   1.661133,      1113
  0.000,0,   0.208008,  -0.109375,   1.688965,      1114
  0.000,0,   0.063965,  -0.157715,   1.598633,      1115
  0.000,0,   0.042480,  -0.197754,   1.608398,      1116
  0.000,0,   0.048828,  -0.201660,   1.589355,      1117
  0.000,0,   0.025879,  -0.139160,   1.656250,      1118
  0.000,0,  -0.020020,  -0.089844,   1.665527,      1119
  0.000,0,   0.007324,  -0.051758,   1.767090,      1120
  0.000,0,  -0.003906,  -0.011230,   1.805664,      1121
  0.000,0,  -0.029297,  -0.008301,   1.851562,      1122
  0.000,0,   0.034180,   0.054199,   1.913086,      1123
  0.000,0,   0.056641,   0.087891,   1.894043,      1124
  0.000,0,   0.075195,   0.157715,   1.954102,      1125
  0.000,0,   0.127441,   0.159180,   1.936035,      1126
  0.000,0,   0.103516,   0.172852,   1.910645,      1127
  0.000,0,   0.140137,   0.147949,   1.854492,      1128
  0.000,0,   0.169922,   0.116699,   1.787598,      1129
  0.000,0,   0.164062,   0.069824,   1.703613,      1130
  0.000,0,   0.166016,   0.054688,   1.647949,      1131
  0.000,0,   0.163574,   0.020020,   1.589844,      1132
  0.000,0,   0.159668,  -0.045898,   1.467285,      1133
  0.000,0,   0.153809,  -0.094727,   1.330078,      1134
  0.000,0,   0.110840,  -0.147461,   1.216309,      1135
  0.000,0,   0.020996,  -0.186523,   1.083984,      1136
  0.000,0,  -0.076172,  -0.240234,   1.066895,      1137
  0.000,0,  -0.157715,  -0.287109,   1.092285,      1138
  0.000,0,  -0.249512,  -0.293945,   1.159180,      1139
  0.000,0,  -0.243652,  -0.262695,   1.236816,      1140
  0.000,0,  -0.187012,  -0.197266,   1.382324,      1141
  0.000,0,  -0.091797,  -0.125000,   1.497070,      1142
  0.000,0,  -0.004395,  -0.090332,   1.691895,      1143
  0.000,0,  -0.001465,  -0.013672,   1.790039,      1144
  0.000,0,   0.033203,   0.110840,   1.903809,      1145
  0.000,0,   0.062012,   0.153320,   2.012207,      1146
  0.000,0,   0.061523,   0.125000,   2.045898,      1147
  0.000,0,   0.019531,   0.091797,   2.031738,      1148
  0.000,0,  -0.063477,   0.038086,   2.022461,      1149
  0.000,0,  -0.108398,  -0.081055,   1.983398,      1150
  0.000,0,  -0.123047,  -0.162598,   1.990234,      1151
  0.000,0,  -0.141602,  -0.270020,   1.949707,      1152
  0.000,0,  -0.158203,  -0.300781,   1.951660,      1153
  0.000,0,  -0.028809,  -0.301270,   1.917969,      1154
  0.000,0,   0.080566,  -0.286621,   1.962402,      1155
  0.000,0,   0.182617,  -0.225586,   1.914551,      1156
  0.000,0,   0.216309,  -0.150391,   1.843750,      1157
  0.000,0,   0.207520,  -0.093262,   1.800781,      1158
  0.000,0,   0.103516,  -0.034180,   1.733887,      1159
  0.000,0,   0.015137,   0.016602,   1.749512,      1160
  0.000,0,  -0.075195,   0.077637,   1.716309,      1161
  0.000,0,  -0.125000,   0.097656,   1.708008,      1162
  0.000,0,  -0.111816,   0.125000,   1.743652,      1163
  0.000,0,  -0.088379,   0.097656,   1.794922,      1164
  0.000,0,  -0.009766,   0.024414,   1.892578,      1165
  0.000,0,  -0.005371,  -0.107910,   2.015137,      1166
  0.000,0,   0.033691,  -0.163086,   2.092285,      1167
  0.000,0,   0.113770,  -0.252930,   2.179688,      1168
  0.000,0,  -0.968750,   0.226074,   2.045410,      1169
  0.000,0,  -1.006348,   0.185059,   2.373047,      1170
  0.000,0,   0.334961,  -0.096191,   2.502930,      1171
  0.000,0,   0.861816,  -0.193848,   2.577148,      1172
  0.000,0,   0.539062,  -0.187500,   2.579590,      1173
  0.000,0,   0.012207,   0.002441,   2.326660,      1174
  0.000,0,  -0.041992,  -0.125488,   2.467773,      1175
  0.000,0,  -0.034180,   0.007812,   2.333008,      1176
  0.000,0,   0.120605,  -0.104980,   2.462402,      1177
  0.000,0,   0.113770,  -0.072266,   2.377930,      1178
  0.000,0,   0.045410,  -0.145996,   2.136230,      1179
  0.000,0,   0.044434,  -0.174316,   2.208496,      1180
  0.000,0,   0.053711,  -0.148438,   2.103516,      1181
  0.000,0,   0.067871,  -0.145508,   2.129883,      1182
  0.000,0,   0.085938,  -0.105469,   2.013184,      1183
  0.000,0,   0.010254,  -0.029297,   1.911621,      1184
  0.000,0,   0.083984,  -0.011719,   2.062988,      1185
  0.000,0,   0.023926,  -0.012695,   1.995117,      1186
  0.000,0,   0.103027,  -0.024414,   2.087402,      1187
  0.000,0,   0.122070,   0.004883,   2.083984,      1188
  0.000,0,   0.100098,   0.010742,   2.038086,      1189
  0.000,0,   0.021484,   0.016602,   2.165527,      1190
  0.000,0,  -0.072266,   0.037109,   2.121094,      1191
  0.000,0,  -0.072266,   0.022949,   2.126953,      1192
  0.000,0,  -0.124512,  -0.014648,   2.085449,      1193
  0.000,0,  -0.087891,   0.010742,   2.087402,      1194
  0.000,0,  -0.020508,   0.041504,   2.088379,      1195
  0.000,0,   0.055664,   0.081055,   2.118164,      1196
  0.000,0,   0.136719,   0.106445,   2.178223,      1197
  0.000,0,   0.159668,   0.129883,   2.211914,      1198
  0.000,0,   0.179688,   0.141113,   2.255371,      1199
  0.000,0,   0.170898,   0.112305,   2.291992,      1200
  0.000,0,   0.164062,   0.103027,   2.300293,      1201
  0.000,0,   0.182129,   0.123047,   2.279297,      1202
  0.000,0,   0.163574,   0.088867,   2.219727,      1203
  0.000,0,   0.188477,   0.069824,   2.189941,      1204
  0.000,0,   0.151367,   0.052734,   2.169922,      1205
  0.000,0,   0.154297,   0.032227,   2.163086,      1206
  0.000,0,   0.142578,   0.017578,   2.156250,      1207
  0.000,0,   0.130859,  -0.026367,   2.125488,      1208
  0.000,0,   0.079590,  -0.069336,   2.118164,      1209
  0.000,0,   0.054199,  -0.144531,   1.989258,      1210
  0.000,0,   0.071777,  -0.237793,   2.030273,      1211
  0.000,0,   0.107422,  -0.280762,   1.905762,      1212
  0.000,0,   0.103516,  -0.313477,   1.833008,      1213
  0.000,0,   0.050293,  -0.349609,   1.718262,      1214
  0.000,0,   0.008789,  -0.313477,   1.666504,      1215
  0.000,0,  -0.013672,  -0.273438,   1.738770,      1216
  0.000,0,  -0.059570,  -0.201172,   1.672852,      1217
  0.000,0,  -0.031738,  -0.134766,   1.686035,      1218
  0.000,0,  -0.019043,  -0.081543,   1.720215,      1219
  0.000,0,  -0.006836,  -0.019531,   1.809570,      1220
  0.000,0,   0.005371,  -0.009277,   1.831055,      1221
  0.000,0,   0.032715,  -0.029785,   1.913086,      1222
  0.000,0,   0.020508,  -0.041992,   1.966797,      1223
  0.000,0,  -0.000488,   0.006348,   1.930664,      1224
  0.000,0,  -0.021973,   0.007812,   2.051270,      1225
  0.000,0,   0.018066,   0.024902,   2.052246,      1226
  0.000,0,   0.011719,  -0.002930,   2.101562,      1227
  0.000,0,   0.070312,   0.001465,   2.083496,      1228
  0.000,0,   0.081543,  -0.019043,   1.988770,      1229
  0.000,0,   0.072266,  -0.061523,   1.955566,      1230
  0.000,0,   0.023438,  -0.061035,   1.914551,      1231
  0.000,0,  -0.024902,  -0.126953,   1.941406,      1232
  0.000,0,  -0.078125,  -0.106934,   1.963867,      1233
  0.000,0,  -0.098145,  -0.173828,   1.963379,      1234
  0.000,0,  -0.128906,  -0.127441,   2.036133,      1235
  0.000,0,  -0.071777,  -0.175293,   2.159180,      1236
  0.000,0,   0.013184,  -0.158203,   2.240723,      1237
  0.000,0,   0.107422,  -0.110352,   2.293457,      1238
  0.000,0,   0.155273,  -0.039551,   2.244629,      1239
  0.000,0,   0.190918,   0.012695,   2.253418,      1240
  0.000,0,   0.205078,   0.098633,   2.184082,      1241
  0.000,0,   0.193848,   0.144043,   2.135742,      1242
  0.000,0,   0.097168,   0.179688,   2.088867,      1243
  0.000,0,   0.040527,   0.163574,   2.041504,      1244
  0.000,0,  -0.004883,   0.139648,   1.974121,      1245
  0.000,0,  -0.070801,   0.045898,   1.962891,      1246
  0.000,0,  -0.120605,  -0.041504,   1.942383,      1247
  0.000,0,  -0.109863,  -0.134277,   1.929688,      1248
  0.000,0,  -0.048828,  -0.199219,   1.915039,      1249
  0.000,0,  -0.003418,  -0.222168,   1.937988,      1250
  0.000,0,   0.046387,  -0.229492,   2.014648,      1251
  0.000,0,   0.075195,  -0.163086,   2.051758,      1252
  0.000,0,   0.104492,  -0.105957,   2.093750,      1253
  0.000,0,   0.102051,  -0.058594,   2.101074,      1254
  0.000,0,   0.082031,  -0.026855,   2.052246,      1255
  0.000,0,   0.055176,   0.010742,   1.996582,      1256
  0.000,0,   0.020996,   0.029785,   1.959961,      1257
  0.000,0,  -0.021484,   0.019043,   1.903809,      1258
  0.000,0,  -0.045410,   0.011719,   1.886230,      1259
  0.000,0,  -0.067871,  -0.006836,   1.865723,      1260
  0.000,0,  -0.090332,  -0.035645,   1.837402,      1261
  0.000,0,  -0.084961,  -0.056152,   1.834961,      1262
  0.000,0,  -0.075684,  -0.058105,   1.850098,      1263
  0.000,0,  -0.091309,  -0.030762,   1.848145,      1264
  0.000,0,  -0.083984,  -0.024414,   1.860840,      1265
  0.000,0,  -0.109375,  -0.016113,   1.875977,      1266
  0.000,0,  -0.093262,   0.002441,   1.938965,      1267
  0.000,0,  -0.065430,  -0.005859,   1.981934,      1268
  0.000,0,  -0.053223,  -0.034180,   2.015137,      1269
  0.000,0,  -0.041016,  -0.063477,   2.010742,      1270
  0.000,0,  -0.030273,  -0.074707,   1.981445,      1271
  0.000,0,  -0.058105,  -0.089844,   2.006836,      1272
  0.000,0,  -0.035156,  -0.090820,   1.984375,      1273
  0.000,0,  -0.016113,  -0.095703,   1.997070,      1274
  0.000,0,  -0.016602,  -0.082520,   2.019043,      1275
  0.000,0,   0.019531,  -0.071289,   1.997559,      1276
  0.000,0,  -0.019531,  -0.090332,   2.018555,      1277
  0.000,0,  -0.027344,  -0.079102,   2.041016,      1278
  0.000,0,  -0.003906,  -0.069336,   2.042969,      1279
  0.000,0,   0.008301,  -0.083008,   2.040527,      1280
  0.000,0,   0.015625,  -0.075684,   2.037598,      1281
  0.000,0,   0.040039,  -0.094238,   2.048340,      1282
  0.000,0,   0.037109,  -0.082031,   2.031250,      1283
  0.000,0,   0.039062,  -0.052734,   2.009766,      1284
  0.000,0,   0.026367,  -0.032227,   2.000977,      1285
  0.000,0,  -0.005371,  -0.011719,   1.973633,      1286
  0.000,0,  -0.021484,   0.027832,   1.970703,      1287
  0.000,0,  -0.056641,   0.055176,   1.964844,      1288
  0.000,0,  -0.095703,   0.072266,   1.974609,      1289
  0.000,0,  -0.094238,   0.060059,   1.969727,      1290
  0.000,0,  -0.079102,   0.013672,   1.996582,      1291
  0.000,0,  -0.042969,  -0.060059,   2.015625,      1292
  0.000,0,  -0.041504,  -0.086914,   2.046387,      1293
  0.000,0,  -0.048340,  -0.088867,   2.025391,      1294
  0.000,0,  -0.052734,  -0.075684,   2.039062,      1295
  0.000,0,  -0.024902,  -0.099121,   2.054199,      1296
  0.000,0,   0.016602,  -0.122070,   2.017090,      1297
  0.000,0,   0.023926,  -0.129395,   1.994141,      1298
  0.000,0,   0.045410,  -0.125488,   1.956543,      1299
  0.000,0,   0.036621,  -0.124512,   1.922363,      1300
  0.000,0,   0.006348,  -0.109375,   1.898438,      1301
  0.000,0,  -0.022949,  -0.083984,   1.870117,      1302
  0.000,0,  -0.035156,  -0.073730,   1.891602,      1303
  0.000,0,  -0.049805,  -0.092285,   1.871094,      1304
  0.000,0,  -0.034180,  -0.086426,   1.857910,      1305
  0.000,0,  -0.042480,  -0.050293,   1.893066,      1306
  0.000,0,  -0.036133,  -0.034180,   1.928711,      1307
  0.000,0,  -0.069824,  -0.016113,   1.956055,      1308
  0.000,0,  -0.059082,   0.012695,   2.019531,      1309
  0.000,0,  -0.065918,   0.024902,   2.101074,      1310
  0.000,0,  -0.042480,   0.024414,   2.176758,      1311
  0.000,0,  -0.034180,   0.029297,   2.235352,      1312
  0.000,0,   0.015137,   0.035156,   2.259766,      1313
  0.000,0,   0.023438,   0.024902,   2.252441,      1314
  0.000,0,   0.027344,  -0.007812,   2.222656,      1315
  0.000,0,   0.008789,  -0.027832,   2.198730,      1316
  0.000,0,  -0.000977,  -0.041504,   2.173340,      1317
  0.000,0,  -0.041992,  -0.060547,   2.097656,      1318
  0.000,0,  -0.076172,   0.060547,   2.008301,      1319
  0.000,0,  -0.127930,  -0.021973,   2.065918,      1320
  0.000,0,  -0.140137,  -0.041504,   2.143555,      1321
  0.000,0,  -0.131348,   0.033691,   2.124512,      1322
  0.000,0,  -0.065430,  -0.020020,   2.176270,      1323
  0.000,0,  -0.010254,  -0.025879,   2.118164,      1324
  0.000,0,   0.041016,  -0.026367,   2.149902,      1325
  0.000,0,   0.058105,  -0.012695,   2.081055,      1326
  0.000,0,   0.054199,  -0.006348,   2.047852,      1327
  0.000,0,   0.030762,  -0.017090,   1.969727,      1328
  0.000,0,  -0.004395,  -0.060547,   1.906250,      1329
  0.000,0,  -0.030273,  -0.053223,   1.859375,      1330
  0.000,0,  -0.065430,  -0.066406,   1.733887,      1331
  0.000,0,  -0.070801,  -0.090820,   1.659180,      1332
  0.000,0,  -0.078125,  -0.105957,   1.560547,      1333
  0.000,0,  -0.090332,  -0.132324,   1.481445,      1334
  0.000,0,  -0.102539,  -0.152832,   1.443848,      1335
  0.000,0,  -0.125977,  -0.142090,   1.414062,      1336
  0.000,0,  -0.142578,  -0.133789,   1.423828,      1337
  0.000,0,  -0.141113,  -0.108398,   1.425293,      1338
  0.000,0,  -0.141113,  -0.099609,   1.459473,      1339
  0.000,0,  -0.090332,  -0.077637,   1.500000,      1340
  0.000,0,  -0.077637,  -0.061523,   1.583984,      1341
  0.000,0,  -0.074219,  -0.058594,   1.629883,      1342
  0.000,0,  -0.037109,  -0.068848,   1.650391,      1343
  0.000,0,  -0.021973,  -0.073730,   1.655273,      1344
  0.000,0,  -0.025391,  -0.076172,   1.715820,      1345
  0.000,0,  -0.028809,  -0.048340,   1.750977,      1346
  0.000,0,  -0.045410,  -0.034668,   1.785156,      1347
  0.000,0,  -0.027344,   0.002441,   1.801758,      1348
  0.000,0,  -0.009277,   0.038574,   1.789062,      1349
  0.000,0,  -0.002930,   0.084961,   1.770020,      1350
  0.000,0,  -0.000488,   0.105957,   1.775391,      1351
  0.000,0,  -0.020996,   0.113281,   1.762695,      1352
  0.000,0,  -0.015625,   0.077148,   1.738281,      1353
  0.000,0,  -0.030273,   0.015625,   1.731934,      1354
  0.000,0,  -0.063477,  -0.049805,   1.712891,      1355
  0.000,0,  -0.076172,  -0.154785,   1.742188,      1356
  0.000,0,  -0.114746,  -0.247559,   1.722168,      1357
  0.000,0,  -0.121582,  -0.313965,   1.765137,      1358
  0.000,0,  -0.097656,  -0.344727,   1.784668,      1359
  0.000,0,  -0.096191,  -0.334473,   1.790039,      1360
  0.000,0,  -0.082031,  -0.302734,   1.848145,      1361
  0.000,0,  -0.081543,  -0.250000,   1.869141,      1362
  0.000,0,  -0.072754,  -0.204102,   1.895020,      1363
  0.000,0,  -0.070801,  -0.134766,   1.905273,      1364
  0.000,0,  -0.052246,  -0.078125,   1.940430,      1365
  0.000,0,  -0.032715,  -0.009277,   1.952637,      1366
  0.000,0,  -0.032715,   0.048340,   1.967285,      1367
  0.000,0,  -0.043945,   0.111328,   1.971191,      1368
  0.000,0,  -0.034180,   0.131348,   1.965820,      1369
  0.000,0,  -0.005859,   0.125000,   1.939941,      1370
  0.000,0,  -0.003418,   0.118652,   1.945312,      1371
  0.000,0,   0.013184,   0.082031,   1.949707,      1372
  0.000,0,   0.015625,   0.032715,   1.968750,      1373
  0.000,0,   0.011230,  -0.037598,   2.033691,      1374
  0.000,0,  -0.009277,  -0.078125,   2.038086,      1375
  0.000,0,  -0.029297,  -0.080566,   2.036133,      1376
  0.000,0,  -0.035645,  -0.074707,   2.033203,      1377
  0.000,0,  -0.004395,  -0.047852,   2.015137,      1378
  0.000,0,   0.040039,   0.000977,   2.024902,      1379
  0.000,0,   0.073730,   0.018066,   2.030273,      1380
  0.000,0,   0.120605,   0.036621,   2.059570,      1381
  0.000,0,   0.214844,   0.045410,   2.047363,      1382
  0.000,0,   0.259277,   0.147461,   1.978516,      1383
  0.000,0,   0.251953,   0.029297,   1.967285,      1384
  0.000,0,   0.223633,   0.039062,   1.885742,      1385
  0.000,0,   0.176758,   0.034668,   1.809082,      1386
  0.000,0,   0.075195,   0.015137,   1.680176,      1387
  0.000,0,  -0.031250,  -0.041504,   1.608887,      1388
  0.000,0,  -0.154785,  -0.052246,   1.542480,      1389
  0.000,0,  -0.195312,  -0.064941,   1.503418,      1390
  0.000,0,  -0.242188,  -0.077148,   1.526367,      1391
  0.000,0,  -0.271484,  -0.100098,   1.522949,      1392
  0.000,0,  -0.240723,  -0.134766,   1.564453,      1393
  0.000,0,  -0.246094,  -0.165527,   1.630371,      1394
  0.000,0,  -0.296387,  -0.204590,   1.621582,      1395
  0.000,0,  -0.240723,  -0.176270,   1.746094,      1396
  0.000,0,  -0.201660,  -0.156250,   1.823730,      1397
  0.000,0,  -0.210938,  -0.136719,   1.818848,      1398
  0.000,0,  -0.171387,  -0.116211,   1.792480,      1399
  0.000,0,  -0.170410,  -0.085449,   1.795898,      1400
  0.000,0,  -0.151367,  -0.051270,   1.818848,      1401
  0.000,0,  -0.147461,  -0.020996,   1.891602,      1402
  0.000,0,  -0.127441,   0.029297,   1.935059,      1403
  0.000,0,  -0.086426,   0.041016,   1.993164,      1404
  0.000,0,  -0.016602,   0.061035,   2.067871,      1405
  0.000,0,   0.040527,   0.037598,   2.128906,      1406
  0.000,0,   0.081055,  -0.008789,   2.199707,      1407
  0.000,0,   0.090332,  -0.041016,   2.189941,      1408
  0.000,0,   0.132812,  -0.093262,   2.189453,      1409
  0.000,0,   0.070312,  -0.131348,   2.138184,      1410
  0.000,0,   0.044434,  -0.125488,   2.098633,      1411
  0.000,0,  -0.003418,  -0.143066,   2.036621,      1412
  0.000,0,  -0.005371,  -0.094727,   2.029297,      1413
  0.000,0,  -0.009766,  -0.112305,   2.010742,      1414
  0.000,0,  -0.024902,  -0.071289,   1.988281,      1415
  0.000,0,  -0.035645,  -0.041016,   1.868164,      1416
  0.000,0,  -0.024414,  -0.055664,   1.894531,      1417
  0.000,0,  -0.043945,  -0.062012,   1.900879,      1418
  0.000,0,   0.020508,  -0.061523,   1.930176,      1419
  0.000,0,   0.036621,  -0.065430,   1.957031,      1420
  0.000,0,   0.034668,  -0.115234,   1.977539,      1421
  0.000,0,   0.096191,  -0.075195,   2.026855,      1422
  0.000,0,   0.170410,  -0.072754,   2.085938,      1423
  0.000,0,  -0.016113,  -0.161621,   2.004395,      1424
  0.000,0,  -0.012207,  -0.118652,   2.062012,      1425
  0.000,0,   0.008789,  -0.147461,   2.060547,      1426
  0.000,0,   0.035156,  -0.137207,   2.111816,      1427
  0.000,0,   0.041992,  -0.127441,   2.115723,      1428
  0.000,0,   0.027344,  -0.115723,   2.090332,      1429
  0.000,0,   0.030762,  -0.124512,   2.107422,      1430
  0.000,0,   0.033203,  -0.104980,   2.121094,      1431
  0.000,0,   0.027344,  -0.114746,   2.162598,      1432
  0.000,0,   0.035645,  -0.102051,   2.137207,      1433
  0.000,0,   0.046875,  -0.076660,   2.167969,      1434
  0.000,0,   0.080566,  -0.011719,   2.203613,      1435
  0.000,0,   0.083496,   0.042969,   2.241211,      1436
  0.000,0,   0.077637,   0.091309,   2.260742,      1437
  0.000,0,   0.103516,   0.113281,   2.292480,      1438
  0.000,0,   0.110840,   0.085938,   2.332520,      1439
  0.000,0,   0.103516,   0.060059,   2.341309,      1440
  0.000,0,   0.093262,   0.033203,   2.305664,      1441
  0.000,0,   0.084961,   0.000000,   2.237305,      1442
  0.000,0,   0.047852,  -0.051270,   2.127930,      1443
  0.000,0,   0.013184,  -0.094238,   2.024902,      1444
  0.000,0,  -0.016113,  -0.155762,   1.951660,      1445
  0.000,0,  -0.049316,  -0.167480,   1.895020,      1446
  0.000,0,  -0.038574,  -0.148926,   1.828125,      1447
  0.000,0,  -0.047852,  -0.130371,   1.790039,      1448
  0.000,0,  -0.042969,  -0.104004,   1.779785,      1449
  0.000,0,  -0.023438,  -0.071777,   1.777832,      1450
  0.000,0,  -0.021973,  -0.047852,   1.828613,      1451
  0.000,0,  -0.023926,  -0.024902,   1.861328,      1452
  0.000,0,  -0.001465,  -0.010254,   1.875000,      1453
  0.000,0,   0.006836,  -0.009277,   1.882812,      1454
  0.000,0,   0.023438,  -0.004395,   1.916504,      1455
  0.000,0,   0.027832,   0.002441,   1.960449,      1456
  0.000,0,   0.043945,  -0.020020,   1.938477,      1457
  0.000,0,   0.052734,  -0.015137,   1.966797,      1458
  0.000,0,   0.082520,  -0.005371,   1.962891,      1459
  0.000,0,   0.090820,   0.005859,   1.945312,      1460
  0.000,0,   0.103516,   0.006836,   1.955566,      1461
  0.000,0,   0.071777,   0.031250,   1.980957,      1462
  0.000,0,   0.045898,   0.049805,   1.980469,      1463
  0.000,0,   0.006836,   0.044922,   1.941406,      1464
  0.000,0,  -0.009766,   0.030273,   1.927246,      1465
  0.000,0,  -0.025879,  -0.012207,   1.898926,      1466
  0.000,0,  -0.038086,  -0.043457,   1.865723,      1467
  0.000,0,  -0.043457,  -0.063965,   1.855957,      1468
  0.000,0,  -0.047852,  -0.088867,   1.882324,      1469
  0.000,0,  -0.019531,  -0.095703,   1.880371,      1470
  0.000,0,  -0.013672,  -0.091797,   1.870117,      1471
  0.000,0,   0.002441,  -0.048340,   1.890137,      1472
  0.000,0,   0.049316,   0.004395,   1.917480,      1473
  0.000,0,   0.057617,   0.056641,   1.919922,      1474
  0.000,0,   0.050293,   0.072754,   1.906738,      1475
  0.000,0,   0.061035,   0.083008,   1.891602,      1476
  0.000,0,   0.054199,   0.067383,   1.844727,      1477
  0.000,0,   0.037109,   0.026367,   1.822754,      1478
  0.000,0,  -0.007324,  -0.035156,   1.769531,      1479
  0.000,0,  -0.021484,  -0.060547,   1.759277,      1480
  0.000,0,  -0.048828,  -0.107422,   1.720703,      1481
  0.000,0,  -0.046875,  -0.138672,   1.722168,      1482
  0.000,0,  -0.041992,  -0.134766,   1.726562,      1483
  0.000,0,  -0.020996,  -0.109375,   1.715332,      1484
  0.000,0,  -0.014160,  -0.087891,   1.732422,      1485
  0.000,0,  -0.013672,  -0.053223,   1.769043,      1486
  0.000,0,  -0.020020,  -0.037109,   1.771484,      1487
  0.000,0,  -0.001465,  -0.017090,   1.768066,      1488
  0.000,0,  -0.004883,  -0.031738,   1.754883,      1489
  0.000,0,  -0.024902,  -0.032715,   1.776855,      1490
  0.000,0,  -0.024414,  -0.056152,   1.780273,      1491
  0.000,0,  -0.030762,  -0.088867,   1.756348,      1492
  0.000,0,  -0.033203,  -0.095703,   1.746094,      1493
  0.000,0,  -0.059570,  -0.089844,   1.744629,      1494
  0.000,0,  -0.074219,  -0.090332,   1.757324,      1495
  0.000,0,  -0.088867,  -0.087402,   1.787598,      1496
  0.000,0,  -0.063965,  -0.090332,   1.829102,      1497
  0.000,0,  -0.047852,  -0.084961,   1.894043,      1498
  0.000,0,  -0.029785,  -0.071289,   1.941406,      1499
  0.000,0,  -0.015625,  -0.032715,   1.989746,      1500
  0.000,0,  -0.030273,   0.002930,   2.002930,      1501
  0.000,0,  -0.023926,   0.007324,   2.058594,      1502
  0.000,0,  -0.008301,   0.023926,   2.053711,      1503
  0.000,0,  -0.014160,   0.042480,   2.090820,      1504
  0.000,0,  -0.021973,   0.005859,   2.100098,      1505
  0.000,0,  -0.040527,   0.010742,   2.103027,      1506
  0.000,0,  -0.032227,   0.000000,   2.088867,      1507
  0.000,0,  -0.025391,  -0.001953,   2.095215,      1508
  0.000,0,  -0.013184,  -0.004883,   2.063477,      1509
  0.000,0,  -0.020020,  -0.015625,   2.024902,      1510
  0.000,0,  -0.013184,  -0.039062,   1.979004,      1511
  0.000,0,  -0.023926,  -0.050293,   1.965820,      1512
  0.000,0,  -0.050293,  -0.058594,   1.931152,      1513
  0.000,0,  -0.047363,  -0.043945,   1.922363,      1514
  0.000,0,  -0.033691,  -0.022949,   1.928223,      1515
  0.000,0,  -0.036133,  -0.032227,   1.899902,      1516
  0.000,0,  -0.046387,  -0.033203,   1.857422,      1517
  0.000,0,  -0.046387,  -0.048828,   1.856934,      1518
  0.000,0,  -0.052734,  -0.083496,   1.886719,      1519
  0.000,0,  -0.079590,  -0.104980,   1.883301,      1520
  0.000,0,  -0.100586,  -0.148926,   1.880371,      1521
  0.000,0,  -0.066406,  -0.152832,   1.862793,      1522
  0.000,0,  -0.068359,  -0.114746,   1.873535,      1523
  0.000,0,  -0.180176,  -0.067871,   1.724609,      1524
  0.000,0,  -0.169922,  -0.013184,   1.873535,      1525
  0.000,0,  -0.064453,  -0.058105,   1.832520,      1526
