Sampling freqeuncy: 500 Hz
accel bias x: 1.963197|accel bias y: -0.000000|accel bias z: -0.000000
  0.080,0,   0.020508,   1.806152,  -0.791504,  -0.026367,   1.825195,  -0.949219,         1
  0.080,0,   0.042969,   1.812988,  -0.799805,  -0.024902,   1.825684,  -0.921875,         2
  0.080,0,   0.020996,   1.806641,  -0.785645,   0.051270,   1.833496,  -0.943359,         3
  0.080,0,   0.057129,   1.801270,  -0.793457,   0.049316,   1.820801,  -0.942383,         4
  0.080,0,   0.063965,   1.804688,  -0.824219,   0.014648,   1.824707,  -0.948242,         5
  0.080,0,   0.067383,   1.825684,  -0.812012,   0.027832,   1.831543,  -0.928223,         6
  0.080,0,   0.077637,   1.819336,  -0.806641,   0.017578,   1.834473,  -0.942383,         7
  0.080,0,   0.058105,   1.822754,  -0.809570,   0.041016,   1.837402,  -0.932129,         8
  0.080,0,   0.068359,   1.821289,  -0.815430,   0.036621,   1.835449,  -0.932617,         9
  0.080,0,   0.058594,   1.817383,  -0.804688,   0.010742,   1.818848,  -0.950195,        10
  0.080,0,   0.070801,   1.824707,  -0.799316,   0.052246,   1.842773,  -0.942383,        11
  0.080,0,   0.068359,   1.827148,  -0.789062,   0.065430,   1.842773,  -0.938965,        12
  0.080,0,   0.056152,   1.819336,  -0.787109,   0.072266,   1.837402,  -0.932129,        13
  0.080,0,   0.064941,   1.817383,  -0.802734,   0.030762,   1.827148,  -0.948242,        14
  0.080,0,   0.075684,   1.823242,  -0.796875,   0.036133,   1.827148,  -0.915039,        15
  0.080,0,   0.076172,   1.822266,  -0.784180,   0.043945,   1.839355,  -0.937988,        16
  0.080,0,   0.084961,   1.835449,  -0.788574,   0.072754,   1.839844,  -0.939453,        17
  0.080,0,   0.071777,   1.819824,  -0.801758,   0.068848,   1.836426,  -0.946289,        18
  0.080,0,   0.089355,   1.819336,  -0.794434,   0.049805,   1.833984,  -0.937012,        19
  0.080,0,   0.101074,   1.832031,  -0.782715,   0.042480,   1.824707,  -0.946777,        20
  0.080,0,   0.078613,   1.807617,  -0.796387,   0.056641,   1.831543,  -0.938477,        21
  0.080,0,   0.071289,   1.822266,  -0.780762,   0.069824,   1.831543,  -0.949707,        22
  0.080,0,   0.092285,   1.813477,  -0.798828,   0.058594,   1.821777,  -0.941895,        23
  0.080,0,   0.091309,   1.805176,  -0.808594,   0.037598,   1.827637,  -0.930664,        24
  0.080,0,   0.084473,   1.822266,  -0.774902,   0.067383,   1.832031,  -0.931152,        25
  0.080,0,   0.077637,   1.806152,  -0.796387,   0.069336,   1.834473,  -0.935059,        26
  0.080,0,   0.077637,   1.814941,  -0.792480,   0.070312,   1.833984,  -0.916504,        27
  0.080,0,   0.065918,   1.817871,  -0.783203,   0.030762,   1.810059,  -0.923828,        28
  0.080,0,   0.071289,   1.820312,  -0.779785,   0.020996,   1.827637,  -0.925293,        29
  0.080,0,   0.058105,   1.820312,  -0.795898,   0.021973,   1.829102,  -0.933105,        30
  0.080,0,   0.060059,   1.827637,  -0.780273,   0.042480,   1.835449,  -0.941895,        31
  0.080,0,   0.062988,   1.804688,  -0.781250,   0.048340,   1.828125,  -0.927246,        32
  0.080,0,   0.064453,   1.818848,  -0.778320,   0.016602,   1.833496,  -0.935059,        33
  0.080,0,   0.066895,   1.809082,  -0.778809,   0.043457,   1.833008,  -0.937012,        34
  0.080,0,   0.060059,   1.824219,  -0.804199,   0.043457,   1.829590,  -0.932129,        35
  0.080,0,   0.056152,   1.816895,  -0.789551,   0.041992,   1.826172,  -0.928711,        36
  0.080,0,   0.059082,   1.817383,  -0.788574,   0.013184,   1.822266,  -0.927734,        37
  0.080,0,   0.041992,   1.821289,  -0.791016,   0.005371,   1.835449,  -0.918457,        38
  0.080,0,   0.054199,   1.815918,  -0.783691,   0.015625,   1.832031,  -0.917480,        39
  0.080,0,   0.049805,   1.819824,  -0.772461,   0.017090,   1.829590,  -0.927246,        40
  0.080,0,   0.037109,   1.824707,  -0.802246,   0.027344,   1.846680,  -0.908691,        41
  0.080,0,   0.029297,   1.815430,  -0.761719,  -0.041992,   1.824707,  -0.924316,        42
  0.080,0,   0.047852,   1.831055,  -0.786133,  -0.012207,   1.835449,  -0.895996,        43
  0.080,0,   0.029785,   1.823242,  -0.777344,   0.029297,   1.844238,  -0.924805,        44
  0.080,0,   0.032227,   1.820312,  -0.785156,   0.018066,   1.828125,  -0.917969,        45
  0.080,0,   0.041504,   1.828125,  -0.781738,   0.021973,   1.834473,  -0.940918,        46
  0.080,0,   0.046387,   1.821777,  -0.790527,  -0.000488,   1.843262,  -0.905762,        47
  0.080,0,   0.062500,   1.813965,  -0.782227,   0.011719,   1.837402,  -0.940918,        48
  0.080,0,   0.060059,   1.816406,  -0.772461,   0.042969,   1.850098,  -0.929199,        49
  0.080,0,   0.044434,   1.826172,  -0.795898,   0.025879,   1.831543,  -0.926270,        50
  0.080,0,   0.077637,   1.815918,  -0.776855,   0.002441,   1.819824,  -0.938965,        51
  0.080,0,   0.069824,   1.811523,  -0.800293,   0.039062,   1.852539,  -0.929688,        52
  0.080,0,   0.068848,   1.822266,  -0.795410,   0.063965,   1.844238,  -0.931641,        53
  0.080,0,   0.062500,   1.805664,  -0.791016,   0.059570,   1.829102,  -0.910645,        54
  0.080,0,   0.060059,   1.804199,  -0.805176,   0.026855,   1.816895,  -0.943359,        55
  0.080,0,   0.050293,   1.811523,  -0.777344,   0.029297,   1.817871,  -0.927246,        56
  0.080,0,   0.063477,   1.809082,  -0.792480,   0.030273,   1.828125,  -0.941895,        57
  0.080,0,   0.059082,   1.811035,  -0.796387,   0.069824,   1.830566,  -0.920898,        58
  0.080,0,   0.059082,   1.808105,  -0.780273,   0.052246,   1.821777,  -0.932129,        59
  0.080,0,   0.055664,   1.797852,  -0.795410,   0.041992,   1.826660,  -0.922852,        60
  0.080,0,   0.070312,   1.803711,  -0.782715,   0.038086,   1.821777,  -0.933105,        61
  0.080,0,   0.074707,   1.804199,  -0.796875,   0.056641,   1.829102,  -0.929688,        62
  0.080,0,   0.065430,   1.814941,  -0.789551,   0.059082,   1.833984,  -0.937012,        63
  0.080,0,   0.063477,   1.812500,  -0.794922,   0.024902,   1.816406,  -0.954102,        64
  0.080,0,   0.068359,   1.812988,  -0.805664,   0.039551,   1.823730,  -0.951660,        65
  0.080,0,   0.083008,   1.815918,  -0.796875,   0.061035,   1.835449,  -0.918945,        66
  0.080,0,   0.067871,   1.810059,  -0.791992,   0.069336,   1.831055,  -0.930176,        67
  0.080,0,   0.064941,   1.814453,  -0.826660,   0.068848,   1.843262,  -0.924316,        68
  0.080,0,   0.066895,   1.814453,  -0.805664,   0.030273,   1.809082,  -0.920410,        69
  0.080,0,   0.057129,   1.824219,  -0.786133,   0.011230,   1.829590,  -0.939941,        70
  0.080,0,   0.070801,   1.815918,  -0.802734,   0.050293,   1.837891,  -0.935059,        71
  0.080,0,   0.050293,   1.817383,  -0.790039,   0.041016,   1.830566,  -0.936523,        72
  0.080,0,   0.056152,   1.827148,  -0.783203,   0.025391,   1.829590,  -0.933594,        73
  0.080,0,   0.046387,   1.810547,  -0.783203,   0.013184,   1.827637,  -0.930664,        74
  0.080,0,   0.037598,   1.817871,  -0.782715,   0.022461,   1.835938,  -0.908203,        75
  0.080,0,   0.041016,   1.822754,  -0.764648,   0.007812,   1.842773,  -0.882324,        76
  0.080,0,   0.022461,   1.828125,  -0.750000,  -0.009766,   1.852539,  -0.886230,        77
  0.080,0,   0.007324,   1.827637,  -0.730957,  -0.040527,   1.849609,  -0.880859,        78
  0.080,0,   0.005371,   1.847656,  -0.725586,  -0.037109,   1.854492,  -0.869141,        79
  0.080,0,   0.011230,   1.846680,  -0.736328,  -0.054199,   1.867676,  -0.901367,        80
  0.080,0,   0.012695,   1.850586,  -0.735840,  -0.027344,   1.865234,  -0.912598,        81
  0.080,0,   0.014648,   1.865723,  -0.751953,  -0.066895,   1.860840,  -0.919922,        82
  0.080,0,   0.020508,   1.866211,  -0.746582,  -0.115723,   1.861816,  -0.903809,        83
  0.080,0,   0.027344,   1.848145,  -0.740723,  -0.150391,   1.866699,  -0.874023,        84
  0.080,0,  -0.008789,   1.854492,  -0.749023,  -0.116211,   1.864746,  -0.878418,        85
  0.080,0,  -0.027832,   1.853516,  -0.747070,  -0.099609,   1.864258,  -0.884277,        86
  0.080,0,  -0.027344,   1.846191,  -0.739746,  -0.089844,   1.855957,  -0.911621,        87
  0.080,0,  -0.053711,   1.830078,  -0.781250,  -0.083008,   1.851074,  -0.942383,        88
  0.080,0,  -0.050293,   1.831543,  -0.766602,  -0.077148,   1.847168,  -0.936523,        89
  0.080,0,  -0.059570,   1.828125,  -0.774902,  -0.083984,   1.831543,  -0.948242,        90
  0.080,0,  -0.076660,   1.815430,  -0.788086,  -0.140625,   1.824707,  -0.909668,        91
  0.080,0,  -0.066406,   1.810059,  -0.784180,  -0.139160,   1.804199,  -0.893066,        92
  0.080,0,  -0.073730,   1.801270,  -0.778809,  -0.094238,   1.828125,  -0.897461,        93
  0.080,0,  -0.050781,   1.793457,  -0.769043,  -0.071289,   1.830078,  -0.894043,        94
  0.080,0,  -0.074219,   1.804688,  -0.757324,  -0.067383,   1.834473,  -0.911621,        95
  0.080,0,  -0.083496,   1.804199,  -0.769531,  -0.120605,   1.811035,  -0.914062,        96
  0.080,0,  -0.086426,   1.807617,  -0.770020,  -0.156738,   1.825684,  -0.909180,        97
  0.080,0,  -0.086914,   1.816406,  -0.783691,  -0.125488,   1.827637,  -0.887207,        98
  0.080,0,  -0.051270,   1.806152,  -0.763184,  -0.110840,   1.814941,  -0.895020,        99
  0.080,0,  -0.042480,   1.806152,  -0.776367,  -0.135254,   1.808105,  -0.902832,       100
  0.080,0,  -0.010254,   1.871582,  -0.777344,  -0.123535,   1.864258,  -0.927734,       101
  0.080,0,  -0.010254,   1.822754,  -0.763184,  -0.081055,   1.840332,  -0.926270,       102
  0.080,0,  -0.026367,   1.809570,  -0.800781,  -0.127441,   1.840332,  -0.887695,       103
  0.080,0,  -0.019531,   1.849609,  -0.796875,  -0.102539,   1.835938,  -0.956055,       104
  0.080,0,  -0.019043,   1.838379,  -0.785156,  -0.151855,   1.834961,  -0.957031,       105
  0.080,0,  -0.090332,   1.838379,  -0.774902,  -0.176270,   1.855469,  -0.956543,       106
  0.080,0,  -0.097168,   1.841309,  -0.765625,  -0.148926,   1.872070,  -0.946289,       107
  0.080,0,  -0.132324,   1.819336,  -0.758789,  -0.135254,   1.860840,  -0.938965,       108
  0.080,0,  -0.124512,   1.817383,  -0.760742,  -0.180664,   1.829102,  -0.908203,       109
  0.080,0,  -0.134766,   1.815918,  -0.761230,  -0.214844,   1.833984,  -0.919434,       110
  0.080,0,  -0.124023,   1.833008,  -0.789062,  -0.222168,   1.845215,  -0.933105,       111
  0.080,0,  -0.147461,   1.848145,  -0.781738,  -0.191406,   1.855469,  -0.922852,       112
  0.080,0,  -0.145020,   1.833496,  -0.795410,  -0.219727,   1.848145,  -0.926758,       113
  0.080,0,  -0.136230,   1.827148,  -0.778809,  -0.213867,   1.836914,  -0.959473,       114
  0.080,0,  -0.059082,   1.752441,  -0.787109,  -0.149414,   1.764648,  -0.923340,       115
  0.080,0,  -0.166504,   1.629395,  -0.726074,  -0.605957,   1.843750,  -0.956543,       116
  0.080,0,  -0.288086,   1.958496,  -0.821289,  -0.543945,   1.890625,  -0.948730,       117
  0.080,0,  -0.274902,   1.960938,  -0.837402,  -0.229492,   1.887207,  -0.931152,       118
  0.080,0,  -0.266602,   1.834473,  -0.687500,  -0.095703,   1.818848,  -0.847168,       119
  0.080,0,  -0.133301,   1.783691,  -0.842285,   0.034180,   1.783203,  -0.960938,       120
  0.080,0,  -0.187500,   1.696777,  -0.798340,  -0.372559,   1.866211,  -0.963867,       121
  0.080,0,  -0.321289,   1.871582,  -0.795410,  -0.624023,   1.979980,  -0.926270,       122
  0.080,0,  -0.369629,   2.090820,  -0.764648,  -0.446777,   1.939941,  -0.925781,       123
  0.080,0,  -0.239746,   1.819336,  -0.777344,  -0.254883,   1.816895,  -0.848633,       124
  0.080,0,  -0.171875,   1.800293,  -0.700195,  -0.038574,   1.823242,  -0.898926,       125
  0.080,0,   0.053711,   1.609375,  -0.789551,  -0.535645,   1.653809,  -0.846191,       126
  0.080,0,  -0.264160,   1.642090,  -0.793457,  -0.725098,   1.975098,  -0.998535,       127
  0.080,0,  -0.460938,   2.215332,  -0.776855,  -0.710938,   1.916016,  -1.016602,       128
  0.080,0,  -0.453613,   1.789551,  -0.692383,  -0.291016,   1.787109,  -0.779297,       129
  0.080,0,  -0.198242,   1.814941,  -0.775391,   0.396973,   1.848633,  -0.843750,       130
  0.080,0,   0.035645,   1.707031,  -0.782715,   0.257324,   1.696289,  -0.959473,       131
  0.080,0,  -0.189941,   1.703613,  -0.760742,  -0.548828,   1.862793,  -0.921875,       132
  0.080,0,  -0.213867,   2.047363,  -0.914551,  -0.585938,   2.079590,  -0.999023,       133
  0.080,0,  -0.299805,   1.985352,  -0.838379,  -0.654297,   1.928711,  -0.966309,       134
  0.080,0,  -0.258789,   1.898438,  -0.841309,  -0.110840,   1.854004,  -0.764160,       135
  0.080,0,   0.064453,   1.650879,  -0.679688,   0.006836,   1.619629,  -0.798340,       136
  0.080,0,  -0.100586,   1.690918,  -0.948242,  -0.145996,   1.800293,  -1.194824,       137
  0.080,0,  -0.173340,   2.008301,  -0.777832,  -0.236328,   1.938477,  -0.912109,       138
  0.080,0,  -0.238281,   1.825195,  -0.824707,  -0.300781,   1.812012,  -1.000488,       139
  0.080,0,  -0.172363,   1.758301,  -0.689941,  -0.217773,   1.765137,  -0.858398,       140
  0.080,0,  -0.216797,   1.685547,  -0.782227,  -0.372559,   1.708496,  -0.899414,       141
  0.080,0,  -0.206543,   1.842773,  -0.806152,  -0.338379,   1.903809,  -0.858398,       142
  0.080,0,  -0.263672,   1.912598,  -0.707031,  -0.272949,   1.867676,  -1.000488,       143
  0.080,0,  -0.211426,   1.815918,  -0.866211,  -0.354980,   1.824707,  -1.032227,       144
  0.080,0,  -0.130859,   1.887695,  -0.749023,  -0.395508,   1.889160,  -0.886230,       145
  0.080,0,  -0.087402,   1.857910,  -0.768555,  -0.285156,   1.801270,  -0.873535,       146
  0.080,0,  -0.253906,   1.778320,  -0.801270,  -0.239258,   1.808105,  -0.957520,       147
  0.080,0,  -0.342285,   1.835449,  -0.786133,  -0.232422,   1.860840,  -0.892578,       148
  0.080,0,  -0.256836,   1.850586,  -0.807617,  -0.164551,   1.881348,  -0.956055,       149
  0.080,0,  -0.114258,   1.861328,  -0.770996,  -0.213867,   1.857910,  -0.903809,       150
  0.080,0,  -0.124023,   1.812988,  -0.785156,  -0.309082,   1.801758,  -0.886230,       151
  0.080,0,  -0.145508,   1.842285,  -0.779785,  -0.195801,   1.887207,  -0.936523,       152
  0.080,0,  -0.220703,   1.907227,  -0.833496,  -0.297852,   1.899414,  -0.983887,       153
  0.080,0,  -0.245117,   1.860840,  -0.839355,  -0.314941,   1.881348,  -1.005859,       154
  0.080,0,  -0.147949,   1.877441,  -0.837891,  -0.291992,   1.886230,  -0.974121,       155
  0.080,0,  -0.186523,   1.781738,  -0.789551,  -0.252441,   1.786621,  -0.938965,       156
  0.080,0,  -0.193359,   1.769043,  -0.788574,  -0.195801,   1.808105,  -0.944336,       157
  0.080,0,  -0.155273,   1.849121,  -0.799805,  -0.192383,   1.863770,  -0.965820,       158
  0.080,0,  -0.133301,   1.836426,  -0.788086,  -0.208008,   1.832520,  -0.955078,       159
  0.080,0,  -0.113281,   1.828613,  -0.816406,  -0.210449,   1.845215,  -0.963379,       160
  0.080,0,  -0.197754,   1.771973,  -0.830078,  -0.248535,   1.783691,  -0.961426,       161
  0.080,0,  -0.232422,   1.753418,  -0.807129,  -0.218262,   1.819824,  -0.946289,       162
  0.080,0,  -0.136230,   1.836426,  -0.821289,  -0.251465,   1.860352,  -1.000488,       163
  0.080,0,  -0.077637,   1.867188,  -0.827148,  -0.264648,   1.856445,  -1.004883,       164
  0.080,0,  -0.096191,   1.861328,  -0.831055,  -0.217285,   1.877930,  -0.976074,       165
  0.080,0,  -0.166504,   1.813965,  -0.804199,  -0.207031,   1.811523,  -0.945801,       166
  0.080,0,  -0.231934,   1.779785,  -0.802734,  -0.215332,   1.791992,  -0.961426,       167
  0.080,0,  -0.170898,   1.798340,  -0.837891,  -0.242676,   1.825195,  -0.950684,       168
  0.080,0,  -0.126953,   1.813965,  -0.821289,  -0.160156,   1.827148,  -0.941895,       169
  0.080,0,  -0.100098,   1.828125,  -0.841797,  -0.080078,   1.824707,  -0.959961,       170
  0.080,0,  -0.117676,   1.796875,  -0.815430,  -0.058105,   1.814941,  -0.951660,       171
  0.080,0,  -0.142578,   1.790527,  -0.827637,  -0.157715,   1.810059,  -0.934570,       172
  0.080,0,  -0.163574,   1.791016,  -0.824219,  -0.236328,   1.828613,  -0.967773,       173
  0.080,0,  -0.141113,   1.820312,  -0.842285,  -0.243164,   1.851074,  -0.963867,       174
  0.080,0,  -0.132324,   1.817871,  -0.858887,  -0.172363,   1.845703,  -0.969238,       175
  0.080,0,  -0.106445,   1.827148,  -0.809082,  -0.099121,   1.815918,  -0.961914,       176
  0.080,0,  -0.054199,   1.794434,  -0.802734,  -0.090332,   1.809082,  -0.962891,       177
  0.080,0,  -0.026855,   1.800781,  -0.796387,  -0.101074,   1.811523,  -0.973633,       178
  0.080,0,  -0.072266,   1.819824,  -0.812988,  -0.055176,   1.812988,  -0.956055,       179
  0.080,0,  -0.119141,   1.802734,  -0.822266,  -0.049316,   1.814941,  -0.978027,       180
  0.080,0,  -0.090820,   1.791992,  -0.821289,  -0.042480,   1.812500,  -0.975586,       181
  0.080,0,  -0.042969,   1.790527,  -0.821289,  -0.090332,   1.819824,  -0.967285,       182
  0.080,0,   0.012695,   1.849121,  -0.829590,  -0.089355,   1.859863,  -0.990723,       183
  0.080,0,   0.003418,   1.868652,  -0.823730,  -0.087402,   1.877441,  -0.994141,       184
  0.080,0,  -0.032227,   1.876465,  -0.858887,  -0.097656,   1.900879,  -1.013184,       185
  0.080,0,  -0.057129,   1.883789,  -0.845703,  -0.127930,   1.893555,  -0.992676,       186
  0.080,0,  -0.066895,   1.856934,  -0.848633,  -0.157715,   1.882324,  -0.982910,       187
  0.080,0,  -0.053711,   1.874512,  -0.873535,  -0.122070,   1.891113,  -0.994629,       188
  0.080,0,  -0.065430,   1.889160,  -0.852539,  -0.045410,   1.905273,  -0.965332,       189
  0.080,0,  -0.081543,   1.867676,  -0.825195,  -0.067871,   1.870605,  -0.985352,       190
  0.080,0,  -0.080078,   1.841309,  -0.829102,  -0.146973,   1.852539,  -0.896973,       191
  0.080,0,  -0.140625,   1.815430,  -0.745605,  -0.236816,   1.811523,  -0.811523,       192
  0.080,0,  -0.145020,   1.753906,  -0.826660,  -0.162109,   1.788086,  -1.055176,       193
  0.080,0,  -0.133789,   1.832520,  -0.778809,  -0.216309,   1.887695,  -0.929688,       194
  0.080,0,  -0.166504,   1.870605,  -0.770996,  -0.284180,   1.852051,  -0.946289,       195
  0.080,0,  -0.075684,   1.775879,  -0.790527,  -0.162598,   1.758789,  -0.977539,       196
  0.080,0,  -0.083496,   1.731445,  -0.851562,  -0.080566,   1.760742,  -0.902832,       197
  0.080,0,  -0.087402,   1.755371,  -0.702148,  -0.131348,   1.791992,  -0.855469,       198
  0.080,0,  -0.093262,   1.773926,  -0.822266,  -0.207520,   1.774414,  -0.955566,       199
  0.080,0,  -0.120117,   1.789551,  -0.847656,  -0.272949,   1.791016,  -0.967773,       200
  0.080,0,  -0.113770,   1.776855,  -0.742188,  -0.172363,   1.779785,  -0.897461,       201
  0.080,0,  -0.098145,   1.707520,  -0.771973,  -0.079102,   1.734863,  -0.887695,       202
  0.080,0,  -0.085938,   1.729980,  -0.805176,  -0.018555,   1.780273,  -0.948242,       203
  0.080,0,  -0.062988,   1.815918,  -0.749512,  -0.130859,   1.814941,  -0.878906,       204
  0.080,0,  -0.100098,   1.804688,  -0.764160,  -0.203613,   1.819824,  -0.890137,       205
  0.080,0,  -0.086426,   1.812012,  -0.792480,  -0.238281,   1.831543,  -0.900879,       206
  0.080,0,  -0.056641,   1.790527,  -0.778320,  -0.169922,   1.797363,  -0.849609,       207
  0.080,0,  -0.065430,   1.799805,  -0.739258,  -0.119629,   1.824219,  -0.869141,       208
  0.080,0,  -0.019531,   1.840332,  -0.796875,  -0.036133,   1.837402,  -0.961914,       209
  0.080,0,   0.012695,   1.815430,  -0.787598,  -0.031738,   1.843262,  -0.916016,       210
  0.080,0,   0.009277,   1.832520,  -0.739258,  -0.012207,   1.866211,  -0.883789,       211
  0.080,0,   0.017578,   1.814941,  -0.782715,  -0.065430,   1.822266,  -0.917480,       212
  0.080,0,   0.001465,   1.807617,  -0.776855,  -0.062012,   1.849609,  -0.911621,       213
  0.080,0,   0.036133,   1.867188,  -0.773926,  -0.045410,   1.897461,  -0.913574,       214
  0.080,0,   0.045898,   1.874023,  -0.789551,  -0.031738,   1.877441,  -0.945801,       215
  0.080,0,   0.043457,   1.856934,  -0.790527,  -0.038574,   1.875000,  -0.951660,       216
  0.080,0,   0.017578,   1.859375,  -0.763184,  -0.093262,   1.860840,  -0.934570,       217
  0.080,0,  -0.047852,   1.822754,  -0.756836,  -0.152832,   1.839844,  -0.919922,       218
  0.080,0,  -0.062500,   1.848145,  -0.772949,  -0.136719,   1.865723,  -0.935059,       219
  0.080,0,  -0.068359,   1.838867,  -0.761719,  -0.063965,   1.848633,  -0.920898,       220
  0.080,0,  -0.079102,   1.818359,  -0.758301,  -0.077148,   1.823242,  -0.906250,       221
  0.080,0,  -0.068848,   1.803223,  -0.737305,  -0.126953,   1.807617,  -0.897949,       222
  0.080,0,  -0.084473,   1.783203,  -0.742188,  -0.173828,   1.806152,  -0.910156,       223
  0.080,0,  -0.075195,   1.807617,  -0.767578,  -0.147949,   1.837402,  -0.913574,       224
  0.080,0,  -0.066895,   1.822266,  -0.763672,  -0.148438,   1.833984,  -0.929199,       225
  0.080,0,  -0.080078,   1.819824,  -0.795898,  -0.128906,   1.805176,  -0.941406,       226
  0.080,0,  -0.064941,   1.790039,  -0.770996,  -0.148438,   1.796875,  -0.922852,       227
  0.080,0,  -0.058594,   1.794922,  -0.771973,  -0.161133,   1.801270,  -0.901367,       228
  0.080,0,  -0.050293,   1.797852,  -0.801758,  -0.118164,   1.806641,  -0.929688,       229
  0.080,0,  -0.046387,   1.805664,  -0.793945,  -0.111328,   1.818359,  -0.925781,       230
  0.080,0,  -0.074707,   1.803711,  -0.794434,  -0.109863,   1.808594,  -0.933105,       231
  0.080,0,  -0.053711,   1.787109,  -0.803223,  -0.104980,   1.800293,  -0.924316,       232
  0.080,0,  -0.079590,   1.774902,  -0.817871,  -0.115234,   1.795898,  -0.928223,       233
  0.080,0,  -0.083984,   1.779297,  -0.822754,  -0.128418,   1.808105,  -0.935059,       234
  0.080,0,  -0.083496,   1.792969,  -0.816406,  -0.163086,   1.812012,  -0.953125,       235
  0.080,0,  -0.105469,   1.815918,  -0.827148,  -0.171387,   1.813965,  -0.952637,       236
  0.080,0,  -0.098145,   1.801758,  -0.816895,  -0.110840,   1.828613,  -0.951172,       237
  0.080,0,  -0.111816,   1.797852,  -0.821777,  -0.104980,   1.829590,  -0.937012,       238
  0.080,0,  -0.094727,   1.824707,  -0.806641,  -0.099609,   1.844727,  -0.960938,       239
  0.080,0,  -0.073730,   1.842285,  -0.814941,  -0.116699,   1.837402,  -0.973633,       240
  0.080,0,  -0.060547,   1.847656,  -0.827148,  -0.072754,   1.871094,  -0.976562,       241
  0.080,0,  -0.005859,   1.860840,  -0.819336,  -0.051758,   1.870605,  -0.968750,       242
  0.080,0,  -0.014648,   1.853027,  -0.814941,  -0.009277,   1.869629,  -0.969727,       243
  0.080,0,   0.007324,   1.870117,  -0.825195,  -0.034180,   1.867676,  -0.979004,       244
  0.080,0,   0.034668,   1.888672,  -0.823242,  -0.063477,   1.906250,  -1.003418,       245
  0.080,0,   0.024414,   1.886230,  -0.845215,  -0.042480,   1.904785,  -0.996582,       246
  0.080,0,   0.038574,   1.887695,  -0.825195,  -0.038086,   1.906250,  -0.994629,       247
  0.080,0,   0.029297,   1.862793,  -0.831543,  -0.056641,   1.880371,  -0.977051,       248
  0.080,0,   0.023926,   1.865234,  -0.793457,  -0.057617,   1.866699,  -0.975098,       249
  0.080,0,  -0.007812,   1.855469,  -0.817871,  -0.078613,   1.869141,  -0.977051,       250
  0.080,0,  -0.023926,   1.856445,  -0.804199,  -0.032227,   1.866211,  -0.950684,       251
  0.080,0,  -0.021484,   1.840820,  -0.802734,  -0.031738,   1.854492,  -0.930176,       252
  0.080,0,  -0.031738,   1.794922,  -0.810059,  -0.060059,   1.825195,  -0.927734,       253
  0.080,0,  -0.038086,   1.804688,  -0.776367,  -0.082031,   1.814453,  -0.918457,       254
  0.080,0,  -0.016113,   1.795410,  -0.799805,  -0.081543,   1.817383,  -0.920410,       255
  0.080,0,  -0.037109,   1.796387,  -0.798340,  -0.049805,   1.806152,  -0.920410,       256
  0.080,0,  -0.022949,   1.781250,  -0.766602,  -0.070312,   1.803223,  -0.918457,       257
  0.080,0,  -0.017090,   1.769531,  -0.790527,  -0.096680,   1.776855,  -0.892578,       258
  0.080,0,  -0.051270,   1.754395,  -0.777832,  -0.063965,   1.775391,  -0.875000,       259
  0.080,0,  -0.015137,   1.759766,  -0.769531,  -0.051758,   1.794922,  -0.890625,       260
  0.080,0,  -0.024902,   1.773438,  -0.757812,  -0.032227,   1.777344,  -0.905273,       261
  0.080,0,  -0.040527,   1.787598,  -0.760742,  -0.036133,   1.780762,  -0.893066,       262
  0.080,0,  -0.037598,   1.762695,  -0.766113,  -0.060059,   1.783203,  -0.889648,       263
  0.080,0,  -0.034180,   1.768555,  -0.755371,  -0.030762,   1.803223,  -0.880859,       264
  0.080,0,  -0.035156,   1.791016,  -0.750000,  -0.050781,   1.825684,  -0.904297,       265
  0.080,0,  -0.041992,   1.820312,  -0.755859,  -0.058594,   1.824707,  -0.905762,       266
  0.080,0,  -0.029297,   1.812988,  -0.774414,  -0.095703,   1.820312,  -0.900879,       267
  0.080,0,   0.007812,   1.815430,  -0.753906,  -0.070312,   1.819824,  -0.942871,       268
  0.080,0,  -0.007324,   1.816406,  -0.770996,  -0.030762,   1.841309,  -0.916504,       269
  0.080,0,   0.001465,   1.828613,  -0.765137,  -0.033203,   1.851074,  -0.925781,       270
  0.080,0,   0.012695,   1.852539,  -0.785645,  -0.026367,   1.849121,  -0.945312,       271
  0.080,0,   0.023438,   1.842285,  -0.768555,  -0.042969,   1.848145,  -0.949707,       272
  0.080,0,   0.051758,   1.840820,  -0.788086,   0.017090,   1.853516,  -0.931152,       273
  0.080,0,   0.057617,   1.841309,  -0.783691,   0.014160,   1.865234,  -0.935059,       274
  0.080,0,   0.049805,   1.843262,  -0.785645,  -0.019531,   1.855957,  -0.940918,       275
  0.080,0,   0.059570,   1.848145,  -0.804199,  -0.038086,   1.862305,  -0.936035,       276
  0.080,0,   0.051270,   1.864258,  -0.794922,  -0.033203,   1.861816,  -0.935547,       277
  0.080,0,   0.042969,   1.859863,  -0.794922,  -0.018066,   1.855957,  -0.929688,       278
  0.080,0,   0.012207,   1.824707,  -0.784180,   0.000000,   0.000000,   0.000000,       279
  8.660,0,  -0.007812,   1.828125,  -0.748535,   0.000000,   0.000000,   0.000000,       280
  8.640,0,  -0.008789,   1.838379,  -0.770508,  -0.066406,   1.833984,  -0.883301,       281
  8.620,0,   0.002441,   1.826172,  -0.778320,  -0.052734,   1.820801,  -0.903320,       282
  8.600,0,   0.006836,   1.832520,  -0.777832,  -0.058594,   1.822754,  -0.893555,       283
  8.580,0,  -0.005371,   1.834961,  -0.759766,  -0.043457,   1.836914,  -0.909180,       284
  8.560,0,   0.002930,   1.830566,  -0.761719,  -0.040039,   1.844238,  -0.912598,       285
  8.540,0,  -0.004395,   1.836426,  -0.762695,  -0.027832,   1.835938,  -0.882812,       286
  8.520,0,  -0.007812,   1.840332,  -0.767090,  -0.042969,   1.842285,  -0.892090,       287
  8.500,0,  -0.009766,   1.828125,  -0.773438,  -0.042969,   1.845215,  -0.905762,       288
  8.480,0,  -0.009766,   1.837402,  -0.756836,  -0.056641,   1.849121,  -0.889648,       289
  8.460,0,  -0.005859,   1.848145,  -0.758789,  -0.039062,   1.845215,  -0.916992,       290
  8.440,0,  -0.011719,   1.852051,  -0.768555,  -0.047852,   1.846680,  -0.924805,       291
  8.420,0,  -0.016602,   1.835449,  -0.761719,  -0.064453,   1.852051,  -0.905762,       292
  8.400,0,  -0.016602,   1.849121,  -0.751953,  -0.044922,   1.849121,  -0.903320,       293
  8.380,0,  -0.022461,   1.855469,  -0.752930,  -0.053223,   1.864258,  -0.920410,       294
  8.360,0,  -0.009766,   1.856445,  -0.748047,  -0.046387,   1.854980,  -0.895996,       295
  8.340,0,  -0.010254,   1.851074,  -0.776855,  -0.046875,   1.859375,  -0.902344,       296
  8.340,0,  -0.023926,   1.853027,  -0.745605,  -0.039062,   1.851562,  -0.901855,       297
  8.320,0,  -0.014648,   1.855469,  -0.748535,  -0.051270,   1.864746,  -0.890625,       298
  8.300,0,  -0.004395,   1.858887,  -0.751465,  -0.050293,   1.866699,  -0.907227,       299
  8.280,0,   0.006348,   1.857910,  -0.764648,  -0.050781,   1.869141,  -0.918945,       300
  8.260,0,   0.003906,   1.853516,  -0.759277,  -0.056152,   1.865723,  -0.922852,       301
  8.240,0,   0.003906,   1.862305,  -0.758789,  -0.025879,   1.877441,  -0.905762,       302
  8.240,0,   0.015137,   1.866699,  -0.746582,  -0.026855,   1.866699,  -0.926270,       303
  8.220,0,   0.006836,   1.857910,  -0.752441,  -0.060547,   1.865234,  -0.911133,       304
  8.200,0,   0.017578,   1.847168,  -0.782715,  -0.021484,   1.862793,  -0.900391,       305
  8.180,0,   0.020996,   1.857422,  -0.772949,  -0.013184,   1.856445,  -0.900391,       306
  8.160,0,   0.012695,   1.850098,  -0.757812,  -0.053223,   1.845215,  -0.895996,       307
  8.160,0,   0.019531,   1.835938,  -0.769043,  -0.052246,   1.851562,  -0.903809,       308
  8.140,0,   0.005859,   1.844238,  -0.757812,  -0.058105,   1.840332,  -0.904785,       309
  8.120,0,   0.023926,   1.829590,  -0.755371,  -0.012695,   1.846191,  -0.900879,       310
  8.120,0,   0.012207,   1.824707,  -0.768066,  -0.028320,   1.840820,  -0.898438,       311
  8.100,0,   0.009277,   1.837402,  -0.752930,  -0.072266,   1.841309,  -0.897461,       312
  8.080,0,   0.000977,   1.840820,  -0.760254,  -0.049805,   1.838867,  -0.893555,       313
  8.080,0,  -0.012695,   1.832520,  -0.753906,  -0.045410,   1.851074,  -0.908691,       314
  8.060,0,  -0.009766,   1.836914,  -0.786621,  -0.032227,   1.842285,  -0.889648,       315
  8.040,0,  -0.008301,   1.828613,  -0.759766,  -0.066895,   1.829590,  -0.909180,       316
  8.040,0,  -0.010742,   1.845703,  -0.761719,  -0.062500,   1.837891,  -0.911133,       317
  8.020,0,  -0.015625,   1.839355,  -0.765625,  -0.043945,   1.854980,  -0.904785,       318
  8.020,0,  -0.000977,   1.839844,  -0.753418,  -0.032227,   1.852539,  -0.900391,       319
  8.000,0,  -0.016113,   1.826660,  -0.771484,  -0.053711,   1.838867,  -0.891113,       320
  8.000,0,   0.008301,   1.839844,  -0.761719,  -0.065430,   1.837891,  -0.916504,       321
  7.980,0,   0.005371,   1.825684,  -0.764160,  -0.062988,   1.828613,  -0.898438,       322
  7.960,0,   0.004883,   1.829102,  -0.761719,  -0.023926,   1.856445,  -0.906250,       323
  7.960,0,   0.008789,   1.833496,  -0.768066,  -0.031738,   1.821777,  -0.936523,       324
  7.940,0,   0.006836,   1.830078,  -0.752930,  -0.036133,   1.826660,  -0.933594,       325
  7.940,0,   0.000977,   1.829590,  -0.767090,  -0.051270,   1.850098,  -0.932129,       326
  7.920,0,   0.004883,   1.831543,  -0.761230,  -0.057617,   1.837402,  -0.910156,       327
  7.920,0,   0.005371,   1.833496,  -0.772949,  -0.025391,   1.841309,  -0.919434,       328
  7.900,0,   0.003906,   1.840820,  -0.741211,  -0.055664,   1.845215,  -0.907715,       329
  7.900,0,   0.007324,   1.843750,  -0.751953,  -0.065918,   1.842773,  -0.897949,       330
  7.900,0,   0.007812,   1.839355,  -0.765137,  -0.041016,   1.848145,  -0.894043,       331
  7.880,0,   0.008789,   1.840332,  -0.761719,  -0.040527,   1.851562,  -0.896484,       332
  7.880,0,   0.010742,   1.837402,  -0.757812,  -0.034668,   1.860352,  -0.903809,       333
  7.860,0,   0.000977,   1.847168,  -0.773438,  -0.068848,   1.838379,  -0.904297,       334
  7.860,0,   0.004395,   1.833008,  -0.770996,  -0.070312,   1.832520,  -0.902344,       335
  7.860,0,  -0.003418,   1.842773,  -0.747070,  -0.064941,   1.833008,  -0.896973,       336
  7.840,0,   0.009766,   1.824707,  -0.746094,  -0.031250,   1.844238,  -0.895020,       337
  7.840,0,   0.000488,   1.836914,  -0.751953,  -0.287109,   1.540527,  -0.885742,       338
  9.320,0,  -0.225586,   1.620605,  -0.809082,  -0.295898,   1.516113,  -0.898926,       339
  9.320,0,  -0.213379,   1.648926,  -0.781738,  -0.270020,   1.500488,  -0.879883,       340
  9.320,0,  -0.208984,   1.683594,  -0.794922,  -0.265137,   1.423340,  -0.869629,       341
  9.340,0,  -0.209961,   1.872559,  -0.784668,  -0.248535,   1.284668,  -0.918945,       342
  9.380,0,  -0.276367,   2.169434,  -0.746094,  -0.360352,   1.161621,  -0.935547,       343
  9.460,0,  -0.250000,   2.189941,  -0.733887,  -0.244141,   1.207520,  -0.899414,       344
  9.580,0,  -0.154785,   2.143555,  -0.731445,  -0.166504,   1.281738,  -0.981934,       345
  9.720,0,  -0.163086,   2.055664,  -0.613770,  -0.214355,   1.295898,  -0.916504,       346
  9.880,0,  -0.125977,   2.002441,  -0.594727,  -0.164551,   1.292480,  -0.920898,       347
 10.080,0,  -0.099121,   1.917969,  -0.505859,  -0.205566,   1.326660,  -0.921387,       348
 10.280,0,  -0.058105,   1.859375,  -0.504395,  -0.175293,   1.309570,  -0.883789,       349
 10.520,0,  -0.059570,   1.812988,  -0.511230,  -0.141113,   1.266602,  -0.932617,       350
 10.760,0,  -0.037109,   1.842285,  -0.518066,  -0.138672,   1.183594,  -0.902832,       351
 11.040,0,  -0.043457,   1.885742,  -0.536621,  -0.121582,   1.071777,  -0.910645,       352
 11.340,0,  -0.022461,   1.966797,  -0.585449,  -0.110352,   1.022461,  -0.881836,       353
 11.660,0,  -0.051270,   2.077148,  -0.600586,  -0.112793,   0.971680,  -0.857422,       354
 12.020,0,  -0.056152,   2.129395,  -0.601562,  -0.084473,   0.911133,  -0.837402,       355
 12.420,0,  -0.045898,   2.199219,  -0.620117,  -0.117188,   0.855469,  -0.821777,       356
 12.900,0,  -0.059082,   2.254883,  -0.607422,  -0.136719,   0.849609,  -0.804688,       357
 13.400,0,  -0.056641,   2.255859,  -0.569824,  -0.098633,   0.867676,  -0.767090,       358
 13.940,0,  -0.054688,   2.191406,  -0.509277,  -0.076172,   0.895020,  -0.771973,       359
 14.540,0,  -0.029785,   2.174316,  -0.435547,  -0.135742,   0.939941,  -0.760254,       360
 15.180,0,  -0.061035,   2.022461,  -0.368652,  -0.148926,   0.958008,  -0.740723,       361
 15.840,0,   0.004395,   1.827148,  -0.323730,  -0.099609,   1.049805,  -0.750977,       362
 16.520,0,   0.031738,   1.738770,  -0.280273,  -0.041992,   1.086426,  -0.736816,       363
 17.240,0,   0.024902,   1.730469,  -0.272461,  -0.018555,   1.047363,  -0.759766,       364
 17.960,0,   0.088379,   1.773926,  -0.357422,   0.009277,   1.085938,  -0.756836,       365
 18.720,0,   0.157715,   1.834473,  -0.402832,  -0.020996,   1.119141,  -0.765625,       366
 19.520,0,   0.139160,   2.026367,  -0.459961,   0.007812,   1.143066,  -0.810547,       367
 20.320,0,   0.062988,   2.086914,  -0.575684,   0.041016,   1.249512,  -0.845215,       368
 21.180,0,   0.099609,   2.177246,  -0.698242,   0.022461,   1.283203,  -0.869629,       369
 22.040,0,   0.061523,   2.196777,  -0.764648,  -0.020508,   1.396484,  -0.854492,       370
 22.980,0,   0.158691,   2.177246,  -0.799805,   0.056641,   1.562500,  -0.958496,       371
 23.900,0,   0.175781,   2.083008,  -0.822266,   0.043945,   1.664062,  -0.933594,       372
 24.820,0,   0.165039,   1.953613,  -0.835449,   0.083008,   1.779297,  -0.969238,       373
 25.780,0,   0.148438,   1.881348,  -0.850098,   0.062988,   1.913086,  -1.013672,       374
 26.720,0,   0.129395,   1.750000,  -0.833496,   0.060059,   1.977051,  -0.997559,       375
 27.680,0,   0.193359,   1.673828,  -0.897949,   0.074707,   2.055176,  -1.032715,       376
 28.620,0,   0.183105,   1.662109,  -0.849609,   0.105469,   2.117676,  -1.035645,       377
 29.520,0,   0.224121,   1.672852,  -0.969727,   0.116211,   2.187012,  -1.108887,       378
 30.420,0,   0.196289,   1.694824,  -0.940918,   0.065918,   2.316895,  -1.088867,       379
 31.300,0,   0.201172,   1.737793,  -1.050781,   0.112793,   2.373047,  -1.149414,       380
 32.180,0,   0.126953,   1.845215,  -1.074707,   0.037598,   2.408203,  -1.127930,       381
 33.040,0,   0.114258,   1.893555,  -1.132324,   0.042480,   2.510742,  -1.174316,       382
 33.860,0,   0.058105,   1.974121,  -1.179199,   0.004883,   2.504395,  -1.181641,       383
 34.680,0,   0.045410,   1.889160,  -1.220215,  -0.033203,   2.645996,  -1.179199,       384
 35.460,0,  -0.008301,   1.841797,  -1.212891,  -0.000488,   2.690918,  -1.231445,       385
 36.220,0,  -0.047363,   1.779785,  -1.227539,  -0.044434,   2.648926,  -1.156250,       386
 36.960,0,   0.013184,   1.737305,  -1.228516,  -0.056641,   2.612793,  -1.150879,       387
 37.680,0,   0.104980,   1.732422,  -1.250000,  -0.098633,   2.601562,  -1.196777,       388
 38.360,0,  -0.001465,   1.636719,  -1.216797,  -0.113281,   2.648438,  -1.189941,       389
 39.020,0,   0.035156,   1.588379,  -1.203613,  -0.066895,   2.626465,  -1.143555,       390
 39.620,0,  -0.003906,   1.554199,  -1.188477,  -0.102051,   2.657715,  -1.151855,       391
 40.160,0,   0.006348,   1.429688,  -1.172363,  -0.097168,   2.709473,  -1.162109,       392
 40.700,0,  -0.034668,   1.396484,  -1.136230,  -0.155273,   2.717773,  -1.130859,       393
 41.200,0,  -0.072754,   1.420898,  -1.148438,  -0.191406,   2.663574,  -1.121582,       394
 41.640,0,  -0.103027,   1.478516,  -1.205078,  -0.173340,   2.657715,  -1.147461,       395
 42.040,0,  -0.141602,   1.536621,  -1.148926,  -0.218262,   2.614258,  -1.158691,       396
 42.420,0,  -0.102051,   1.654297,  -1.238281,  -0.223633,   2.604004,  -1.137207,       397
 42.760,0,  -0.112305,   1.726562,  -1.228027,  -0.228027,   2.634766,  -1.152832,       398
 43.080,0,  -0.113770,   1.760742,  -1.210449,  -0.208984,   2.647949,  -1.201172,       399
 43.380,0,  -0.107422,   1.779785,  -1.250000,  -0.216797,   2.686523,  -1.186523,       400
 43.600,0,  -0.141113,   1.750488,  -1.220703,  -0.210449,   2.718750,  -1.218262,       401
 43.820,0,  -0.108887,   1.708984,  -1.198730,  -0.223145,   2.708496,  -1.231934,       402
 44.000,0,  -0.119141,   1.701172,  -1.190918,  -0.232422,   2.690918,  -1.214844,       403
 44.160,0,  -0.089355,   1.676758,  -1.172852,  -0.202637,   2.671387,  -1.252441,       404
 44.280,0,  -0.084961,   1.693848,  -1.184570,  -0.197266,   2.659180,  -1.242188,       405
 44.380,0,  -0.112793,   1.746582,  -1.198242,  -0.241211,   2.638672,  -1.234863,       406
 44.420,0,  -0.114746,   1.786133,  -1.202637,  -0.225098,   2.638184,  -1.274414,       407
 44.460,0,  -0.119629,   1.892090,  -1.187500,  -0.201660,   2.613770,  -1.312012,       408
 44.480,0,  -0.126953,   2.109863,  -1.261719,  -0.191406,   2.445801,  -1.337891,       409
 44.480,0,  -0.083496,   2.336426,  -1.244141,  -0.174316,   2.391113,  -1.321289,       410
 44.480,0,  -0.098145,   2.399414,  -1.267578,  -0.180176,   2.420410,  -1.378906,       411
 44.480,0,  -0.074707,   2.392090,  -1.232910,  -0.124512,   2.433594,  -1.348633,       412
 44.480,0,  -0.018555,   2.327148,  -1.229492,  -0.041992,   2.444824,  -1.388184,       413
 44.480,0,  -0.012207,   2.304199,  -1.155762,  -0.058594,   2.364258,  -1.358398,       414
 44.480,0,  -0.012695,   2.228516,  -1.126953,  -0.038574,   2.353027,  -1.357422,       415
 44.480,0,   0.063477,   2.099609,  -1.115234,  -0.011719,   2.352539,  -1.378418,       416
 44.480,0,   0.043945,   1.964355,  -1.070801,  -0.053711,   2.359863,  -1.335449,       417
 44.460,0,  -0.020996,   1.917480,  -1.074707,  -0.086426,   2.187012,  -1.366699,       418
 44.440,0,   0.031250,   1.929688,  -1.115723,  -0.103516,   2.231934,  -1.301758,       419
 44.380,0,   0.039551,   1.845215,  -1.210938,  -0.126465,   2.166992,  -1.446777,       420
 44.320,0,   0.000977,   1.845703,  -1.194336,  -0.123535,   2.126465,  -1.312988,       421
 44.260,0,  -0.056641,   1.865723,  -1.284180,  -0.088379,   2.046387,  -1.354492,       422
 44.180,0,  -0.111816,   1.847656,  -1.283691,  -0.087891,   2.029785,  -1.315918,       423
 44.100,0,  -0.108398,   1.802734,  -1.347168,  -0.104492,   2.035156,  -1.324707,       424
 44.020,0,  -0.121582,   1.737793,  -1.324707,  -0.151855,   2.011230,  -1.268555,       425
 43.920,0,  -0.126953,   1.655273,  -1.321289,  -0.126465,   2.036621,  -1.306152,       426
 43.820,0,  -0.170898,   1.493652,  -1.296875,  -0.139160,   2.024414,  -1.276855,       427
 43.680,0,  -0.144043,   1.357910,  -1.263184,  -0.209961,   1.993652,  -1.264648,       428
 43.540,0,  -0.179199,   1.260254,  -1.205566,  -0.281250,   1.982910,  -1.223145,       429
 43.380,0,  -0.194824,   1.156738,  -1.131348,  -0.295410,   2.006836,  -1.186035,       430
 43.180,0,  -0.163574,   1.116211,  -1.091309,  -0.278320,   1.968262,  -1.180176,       431
 42.960,0,  -0.213379,   1.133301,  -1.079102,  -0.297852,   1.955078,  -1.140625,       432
 42.700,0,  -0.238770,   1.195801,  -1.087402,  -0.350098,   1.979980,  -1.152832,       433
 42.400,0,  -0.265625,   1.234375,  -1.124512,  -0.389160,   2.015137,  -1.137695,       434
 42.080,0,  -0.328613,   1.322754,  -1.154297,  -0.437988,   2.092285,  -1.145508,       435
 41.740,0,  -0.333984,   1.431152,  -1.222168,  -0.446289,   2.157227,  -1.166016,       436
 41.400,0,  -0.357910,   1.523438,  -1.250000,  -0.474121,   2.168945,  -1.184082,       437
 41.040,0,  -0.396973,   1.648438,  -1.311523,  -0.526855,   2.250000,  -1.195801,       438
 40.640,0,  -0.403809,   1.720703,  -1.374512,  -0.516602,   2.330078,  -1.189453,       439
 40.220,0,  -0.406250,   1.747559,  -1.333008,  -0.476562,   2.362793,  -1.210938,       440
 39.780,0,   0.034668,   1.963379,  -0.412109,  -0.001465,   1.520996,  -0.654785,       441
 17.060,0,   0.032227,   1.967285,  -0.440918,  -0.008301,   1.543457,  -0.633789,       442
 16.740,0,   0.003906,   1.982422,  -0.431641,  -0.021484,   1.550781,  -0.650879,       443
 16.420,0,   0.006836,   1.975586,  -0.424316,   0.013184,   1.552246,  -0.653320,       444
 16.100,0,  -0.020508,   1.954590,  -0.434570,  -0.035645,   1.559570,  -0.639160,       445
 15.820,0,  -0.020020,   1.959961,  -0.427734,  -0.062012,   1.540527,  -0.641113,       446
 15.540,0,  -0.035156,   1.950195,  -0.438477,  -0.073242,   1.568359,  -0.657227,       447
 15.280,0,  -0.038086,   1.944824,  -0.488281,  -0.062988,   1.564941,  -0.662598,       448
 15.040,0,  -0.066895,   1.936035,  -0.457031,  -0.041992,   1.556641,  -0.644531,       449
 14.800,0,  -0.062012,   1.910156,  -0.488770,  -0.085938,   1.562988,  -0.658691,       450
 14.580,0,  -0.064453,   1.875977,  -0.455078,  -0.086914,   1.563477,  -0.652344,       451
 14.340,0,  -0.057617,   1.883789,  -0.493652,  -0.055176,   1.589844,  -0.674316,       452
 14.140,0,  -0.066895,   1.866699,  -0.492676,  -0.047363,   1.600586,  -0.646484,       453
 13.920,0,  -0.034668,   1.863281,  -0.511719,  -0.046875,   1.604980,  -0.674316,       454
 13.740,0,  -0.067871,   1.879395,  -0.501465,  -0.084473,   1.600098,  -0.671387,       455
 13.560,0,  -0.027344,   1.870605,  -0.508789,  -0.070312,   1.625977,  -0.663574,       456
 13.380,0,  -0.038574,   1.860352,  -0.513184,  -0.034668,   1.645020,  -0.680176,       457
 13.220,0,  -0.034180,   1.892090,  -0.512695,  -0.033691,   1.664551,  -0.684570,       458
 13.060,0,  -0.016113,   1.902344,  -0.505371,  -0.036621,   1.686523,  -0.704590,       459
 12.920,0,   0.020508,   1.909180,  -0.520996,  -0.034668,   1.710938,  -0.712402,       460
 12.760,0,   0.013672,   1.936523,  -0.497070,  -0.036133,   1.744141,  -0.709961,       461
 12.620,0,   0.020996,   1.931641,  -0.541504,  -0.008301,   1.762695,  -0.719727,       462
 12.500,0,   0.018555,   1.941406,  -0.547363,  -0.038086,   1.774414,  -0.731445,       463
 12.360,0,   0.013672,   1.970703,  -0.540527,  -0.053711,   1.802246,  -0.742188,       464
 12.240,0,   0.030273,   1.976074,  -0.535156,  -0.018555,   1.820312,  -0.754395,       465
 12.120,0,   0.040039,   1.998047,  -0.568848,   0.013184,   1.828613,  -0.760742,       466
 12.000,0,   0.036133,   1.986328,  -0.558105,   0.001953,   1.846680,  -0.756348,       467
 11.900,0,   0.052734,   1.997070,  -0.585449,  -0.023926,   1.841309,  -0.764160,       468
 11.800,0,   0.029297,   1.998535,  -0.594727,  -0.043945,   1.857422,  -0.770996,       469
 11.720,0,   0.025391,   1.979492,  -0.584961,  -0.008789,   1.866699,  -0.770996,       470
 11.620,0,   0.040039,   1.976074,  -0.629395,  -0.006348,   1.865723,  -0.794434,       471
 11.540,0,   0.031250,   1.954102,  -0.641602,  -0.013672,   1.856445,  -0.773926,       472
 11.460,0,   0.007324,   1.948242,  -0.629395,  -0.028809,   1.853027,  -0.789551,       473
 11.400,0,   0.022949,   1.928711,  -0.644043,  -0.024902,   1.862305,  -0.789062,       474
 11.320,0,   0.013672,   1.913086,  -0.641602,  -0.021973,   1.864258,  -0.772461,       475
 11.240,0,  -0.006836,   1.903809,  -0.652832,  -0.047852,   1.829590,  -0.790039,       476
 11.180,0,   0.002930,   1.877930,  -0.651367,  -0.055176,   1.817871,  -0.773926,       477
 11.120,0,  -0.010742,   1.894531,  -0.647949,  -0.063477,   1.835449,  -0.774902,       478
 11.040,0,  -0.011719,   1.872559,  -0.656738,  -0.037598,   1.835449,  -0.776367,       479
 10.980,0,  -0.006836,   1.874023,  -0.642578,  -0.042969,   1.830078,  -0.774902,       480
 10.920,0,  -0.024902,   1.860840,  -0.643555,  -0.047852,   1.827637,  -0.807129,       481
 10.860,0,  -0.036621,   1.861328,  -0.653809,  -0.094727,   1.820801,  -0.783203,       482
 10.800,0,  -0.041504,   1.845703,  -0.629883,  -0.097168,   1.826172,  -0.775879,       483
 10.760,0,  -0.043457,   1.843750,  -0.658203,  -0.062500,   1.838379,  -0.812988,       484
 10.700,0,  -0.050293,   1.850586,  -0.647461,  -0.073242,   1.820801,  -0.801270,       485
 10.640,0,  -0.060059,   1.849121,  -0.665527,  -0.115723,   1.813965,  -0.799805,       486
 10.580,0,  -0.053223,   1.841797,  -0.655273,  -0.109375,   1.813965,  -0.814941,       487
 10.540,0,  -0.065918,   1.845215,  -0.645508,  -0.127930,   1.818848,  -0.803711,       488
 10.480,0,  -0.083984,   1.849609,  -0.654297,  -0.116699,   1.825195,  -0.804199,       489
 10.440,0,  -0.101074,   1.845703,  -0.682129,  -0.159668,   1.811035,  -0.809082,       490
 10.380,0,  -0.122559,   1.833008,  -0.654297,  -0.177246,   1.812500,  -0.803223,       491
 10.340,0,  -0.124023,   1.840332,  -0.671875,  -0.197754,   1.809570,  -0.822266,       492
 10.280,0,  -0.131348,   1.839355,  -0.679199,   0.066895,   1.822754,  -0.946777,       493
  8.900,0,   0.069336,   1.831055,  -0.795898,   0.051270,   1.829102,  -0.945312,       494
  8.880,0,   0.062500,   1.827148,  -0.800781,   0.027832,   1.818848,  -0.945801,       495
  8.880,0,   0.073242,   1.824707,  -0.802734,   0.051270,   1.833496,  -0.941895,       496
  8.860,0,   0.085449,   1.833496,  -0.786621,   0.074707,   1.835449,  -0.958984,       497
  8.860,0,   0.088867,   1.841309,  -0.786621,   0.071289,   1.835449,  -0.948730,       498
  8.860,0,   0.091309,   1.834961,  -0.795410,   0.050293,   1.839844,  -0.960938,       499
  8.840,0,   0.093750,   1.850098,  -0.796387,   0.052246,   1.861816,  -0.951172,       500
  8.840,0,   0.105469,   1.843750,  -0.803711,   0.067383,   1.870117,  -0.942383,       501
  8.820,0,   0.093750,   1.849121,  -0.787109,   0.072754,   1.879883,  -0.952148,       502
  8.820,0,   0.103516,   1.857422,  -0.790039,   0.038574,   1.849121,  -0.955078,       503
  8.820,0,   0.095215,   1.853516,  -0.814941,   0.034180,   1.855957,  -0.945312,       504
  8.800,0,   0.100586,   1.860352,  -0.790039,   0.063477,   1.875488,  -0.969727,       505
  8.800,0,   0.104004,   1.854980,  -0.796875,   0.061523,   1.875977,  -0.955566,       506
  8.800,0,   0.092285,   1.850586,  -0.798340,   0.041504,   1.845703,  -0.939941,       507
  8.780,0,   0.076660,   1.837891,  -0.818848,   0.000977,   1.846680,  -0.951172,       508
  8.780,0,   0.068359,   1.860840,  -0.802246,   0.003906,   1.841797,  -0.955566,       509
  8.780,0,   0.062012,   1.836426,  -0.829590,   0.014160,   1.851074,  -0.941406,       510
  8.780,0,   0.053223,   1.831543,  -0.799316,   0.020020,   1.845215,  -0.948730,       511
  8.760,0,   0.041992,   1.816406,  -0.818848,  -0.012207,   1.831543,  -0.932129,       512
  8.760,0,   0.042480,   1.810059,  -0.786133,  -0.016602,   1.822266,  -0.939453,       513
  8.760,0,   0.033691,   1.792480,  -0.800781,  -0.015625,   1.828613,  -0.934082,       514
  8.760,0,   0.028809,   1.796387,  -0.786621,   0.008789,   1.813477,  -0.930664,       515
  8.740,0,   0.035156,   1.793945,  -0.803223,  -0.016602,   1.811523,  -0.924805,       516
  8.740,0,   0.034180,   1.800781,  -0.791016,  -0.024414,   1.794434,  -0.929688,       517
  8.740,0,   0.031738,   1.791016,  -0.788574,  -0.027344,   1.801270,  -0.937500,       518
  8.740,0,   0.035645,   1.800781,  -0.795410,   0.020020,   1.805664,  -0.926270,       519
  8.740,0,   0.032227,   1.794922,  -0.772461,   0.026367,   1.812500,  -0.924805,       520
  8.720,0,   0.047852,   1.788574,  -0.785645,   0.011719,   1.807129,  -0.919922,       521
  8.720,0,   0.056152,   1.793945,  -0.776855,  -0.010254,   1.806152,  -0.937012,       522
  8.720,0,   0.047852,   1.806152,  -0.770996,   0.010254,   1.822266,  -0.938477,       523
  8.720,0,   0.062500,   1.801270,  -0.800293,   0.016113,   1.808105,  -0.932617,       524
  8.720,0,   0.040039,   1.803711,  -0.792969,  -0.037109,   1.802734,  -0.922852,       525
  8.700,0,   0.016113,   1.810059,  -0.771484,   0.013672,   1.817383,  -0.928223,       526
  8.700,0,   0.076172,   1.814941,  -0.793457,   0.053711,   1.839844,  -0.944824,       527
  8.700,0,   0.063477,   1.818359,  -0.781738,   0.052246,   1.836426,  -0.934082,       528
  8.700,0,   0.076172,   1.827637,  -0.799805,   0.028809,   1.853516,  -0.944336,       529
  8.700,0,   0.065918,   1.830566,  -0.819824,  -0.003418,   1.850586,  -0.968750,       530
  8.680,0,   0.061523,   1.846680,  -0.825684,  -0.036133,   1.841309,  -0.953125,       531
  8.680,0,   0.057129,   1.842285,  -0.813477,   0.005859,   1.854492,  -0.948730,       532
  8.680,0,   0.085938,   1.832031,  -0.824707,   0.056152,   1.867676,  -0.949219,       533
  8.680,0,   0.119141,   1.835938,  -0.817383,   0.059082,   1.841797,  -0.961426,       534
  8.680,0,   0.084961,   1.823242,  -0.815918,   0.028320,   1.827148,  -0.959961,       535
  8.660,0,   0.068848,   1.829590,  -0.822754,  -0.018066,   1.841797,  -0.969727,       536
  8.660,0,   0.067871,   1.835449,  -0.833008,   0.020996,   1.837402,  -0.957031,       537
  8.660,0,   0.086914,   1.812012,  -0.828613,   0.036133,   1.823730,  -0.978027,       538
  8.660,0,   0.091309,   1.812012,  -0.825684,   0.004883,   1.839355,  -0.977539,       539
  8.660,0,   0.079102,   1.826660,  -0.836426,  -0.017578,   1.826660,  -0.972656,       540
  8.660,0,   0.053223,   1.809570,  -0.812988,   0.000488,   1.829102,  -0.987305,       541
  8.660,0,   0.060059,   1.802246,  -0.819824,   0.004883,   1.819336,  -0.987793,       542
  8.660,0,   0.044922,   1.780273,  -0.854492,  -0.020020,   1.800781,  -0.982422,       543
  8.660,0,   0.054199,   1.777832,  -0.845703,  -0.013184,   1.783691,  -1.013184,       544
  8.660,0,   0.057617,   1.777832,  -0.852051,  -0.000488,   1.800293,  -1.008301,       545
  8.660,0,   0.045898,   1.776367,  -0.853516,   0.004395,   1.789551,  -1.002930,       546
  8.660,0,   0.055664,   1.770508,  -0.860840,  -0.002930,   1.790039,  -0.984375,       547
  8.660,0,   0.058105,   1.775879,  -0.865234,  -0.028809,   1.777344,  -1.018555,       548
  8.660,0,   0.044922,   1.750000,  -0.875977,  -0.039062,   1.761230,  -1.007324,       549
  8.640,0,   0.041992,   1.760742,  -0.868164,  -0.045410,   1.761230,  -0.997559,       550
  8.640,0,   0.023926,   1.748047,  -0.861816,  -0.010742,   1.756836,  -0.987305,       551
  8.640,0,   0.032715,   1.733887,  -0.872070,  -0.004883,   1.745605,  -0.991211,       552
  8.640,0,   0.014160,   1.726074,  -0.870605,  -0.028809,   1.737305,  -0.988770,       553
  8.640,0,   0.011230,   1.736328,  -0.871094,  -0.060059,   1.746582,  -0.993164,       554
  8.640,0,   0.003906,   1.725586,  -0.855469,  -0.054688,   1.733398,  -1.005371,       555
  8.640,0,  -0.021484,   1.719238,  -0.855957,  -0.057129,   1.721680,  -0.992188,       556
  8.640,0,  -0.011719,   1.715820,  -0.864258,  -0.086914,   1.712402,  -0.994629,       557
  8.640,0,  -0.027344,   1.707031,  -0.855957,  -0.112305,   1.709961,  -0.995117,       558
  8.640,0,  -0.026855,   1.705566,  -0.856445,  -0.088379,   1.709961,  -0.994629,       559
  8.640,0,  -0.034180,   1.692383,  -0.875488,  -0.094238,   1.694336,  -0.993164,       560
  8.640,0,  -0.048828,   1.673828,  -0.852051,  -0.119141,   1.683105,  -1.001953,       561
  8.640,0,  -0.061523,   1.661621,  -0.870605,  -0.158203,   1.669922,  -1.001953,       562
  8.640,0,  -0.076660,   1.643066,  -0.873535,  -0.180176,   1.644043,  -1.005859,       563
  8.640,0,  -0.082520,   1.619629,  -0.887695,  -0.158691,   1.617188,  -0.999512,       564
  8.640,0,  -0.091309,   1.574707,  -0.876465,  -0.142578,   1.608887,  -0.997070,       565
  8.640,0,  -0.077148,   1.555664,  -0.863281,  -0.144531,   1.564941,  -1.019043,       566
  8.640,0,  -0.080566,   1.522461,  -0.897949,  -0.151855,   1.521484,  -1.009277,       567
  8.640,0,  -0.083008,   1.484863,  -0.912598,  -0.147461,   1.498535,  -0.995117,       568
  8.640,0,  -0.083984,   1.443359,  -0.927734,  -0.121094,   1.442383,  -1.017090,       569
  8.640,0,  -0.076660,   1.414551,  -0.896484,  -0.100586,   1.393066,  -1.010254,       570
  8.640,0,  -0.070312,   1.361816,  -0.913086,  -0.118652,   1.353027,  -0.993652,       571
  8.640,0,  -0.069824,   1.323242,  -0.910156,  -0.136230,   1.299316,  -0.993652,       572
  8.640,0,  -0.053223,   1.300293,  -0.903809,  -0.138184,   1.263184,  -0.998047,       573
  8.640,0,  -0.062012,   1.267578,  -0.934570,  -0.094238,   1.238770,  -1.005859,       574
  8.640,0,  -0.075684,   1.231934,  -0.909668,  -0.116211,   1.151855,  -0.972656,       575
  8.640,0,  -0.081543,   1.221680,  -0.935059,  -0.166016,   1.115723,  -0.970703,       576
  8.640,0,  -0.083008,   1.230469,  -0.888184,  -0.158203,   1.032227,  -0.981934,       577
  8.640,0,  -0.114746,   1.369629,  -0.882812,  -0.174316,   0.842773,  -0.937012,       578
  8.680,0,  -0.042969,   1.687500,  -0.869629,  -0.026367,   0.443359,  -0.974121,       579
  8.780,0,  -0.354492,   2.377930,  -0.799805,  -0.371094,   0.190430,  -0.916504,       580
  8.960,0,  -0.209473,   2.333008,  -0.698730,  -0.191895,   0.324707,  -0.924316,       581
  9.200,0,  -0.154297,   2.258789,  -0.751465,  -0.160156,   0.362305,  -0.922363,       582
  9.500,0,  -0.318359,   2.142090,  -0.439453,  -0.311523,   0.333008,  -0.818359,       583
  9.860,0,  -0.204590,   1.997559,  -0.388672,  -0.277832,   0.373535,  -0.747559,       584
 10.280,0,  -0.231445,   1.839355,  -0.175781,  -0.353027,   0.437988,  -0.778320,       585
 10.740,0,  -0.295898,   1.778320,  -0.043457,  -0.399414,   0.364258,  -0.722656,       586
 11.260,0,  -0.295410,   1.897949,  -0.102051,  -0.342773,   0.275879,  -0.886230,       587
 11.800,0,  -0.305176,   2.088379,  -0.116211,  -0.313965,   0.236816,  -0.840820,       588
 12.420,0,  -0.212402,   2.388672,  -0.269531,  -0.326172,   0.181641,  -0.976562,       589
 13.140,0,  -0.248047,   2.532227,  -0.316895,  -0.379395,   0.225586,  -0.957031,       590
 13.900,0,  -0.187988,   2.654785,  -0.445312,  -0.370117,   0.304688,  -1.053223,       591
 14.740,0,  -0.117188,   2.739746,  -0.521973,  -0.304688,   0.366211,  -1.059082,       592
 15.680,0,  -0.150879,   2.776855,  -0.579102,  -0.279297,   0.437988,  -1.105957,       593
 16.700,0,  -0.171875,   2.678223,  -0.646973,  -0.211426,   0.609375,  -1.169922,       594
 17.780,0,  -0.072266,   2.607910,  -0.690918,  -0.298828,   0.798340,  -1.127441,       595
 18.940,0,  -0.190918,   2.380371,  -0.588867,  -0.220703,   0.953613,  -1.139160,       596
 20.120,0,  -0.053711,   2.159668,  -0.682617,  -0.252930,   1.121582,  -1.136719,       597
 21.340,0,  -0.141602,   1.979492,  -0.585449,  -0.272461,   1.205078,  -1.097656,       598
 22.620,0,  -0.129395,   1.785645,  -0.732910,  -0.280762,   1.366211,  -1.120605,       599
 23.860,0,  -0.071289,   1.714844,  -0.768555,  -0.307129,   1.512207,  -1.118652,       600
 25.140,0,  -0.112305,   1.666504,  -0.829590,  -0.208008,   1.554688,  -1.170410,       601
 26.400,0,  -0.159668,   1.798828,  -0.938477,  -0.258301,   1.672852,  -1.085449,       602
 27.700,0,  -0.030762,   1.882324,  -1.057129,  -0.212402,   1.818359,  -1.147949,       603
 28.980,0,  -0.036133,   1.895508,  -1.162598,  -0.133301,   1.988281,  -1.140625,       604
 30.240,0,  -0.095215,   1.968262,  -1.178223,  -0.200195,   2.168457,  -1.097656,       605
 31.520,0,  -0.002930,   1.946289,  -1.302734,  -0.110352,   2.308105,  -1.105957,       606
 32.760,0,  -0.078125,   1.951660,  -1.401855,  -0.131836,   2.546387,  -1.147461,       607
 34.040,0,  -0.062988,   1.867676,  -1.362305,  -0.155762,   2.745605,  -1.158203,       608
 35.280,0,  -0.054199,   1.773926,  -1.490234,  -0.091309,   2.861328,  -1.209961,       609
 36.440,0,  -0.112305,   1.638184,  -1.408203,  -0.175293,   3.062500,  -1.180664,       610
 37.600,0,  -0.053711,   1.472656,  -1.431152,  -0.064453,   3.212891,  -1.224121,       611
 38.680,0,  -0.095703,   1.387695,  -1.483398,  -0.115723,   3.306641,  -1.222656,       612
 39.700,0,   0.027344,   1.284668,  -1.460938,  -0.161621,   3.407715,  -1.300781,       613
 40.620,0,  -0.039551,   1.254883,  -1.515625,  -0.051758,   3.545898,  -1.346680,       614
 41.500,0,   0.009766,   1.306641,  -1.548340,  -0.030762,   3.616211,  -1.374023,       615
 42.300,0,   0.013672,   1.458008,  -1.600586,   0.000732,   1.458008,  -1.600586,       616
 43.060,0,   0.177246,   1.686035,  -1.661133,   0.012207,   3.719238,  -1.494629,       617
 43.720,0,   0.171387,   1.817871,  -1.722168,  -0.031738,   3.751953,  -1.505859,       618
 44.300,0,   0.176758,   1.943359,  -1.724121,   0.042969,   3.858887,  -1.515137,       619
 44.840,0,   0.124023,   1.957031,  -1.754883,   0.085938,   3.908691,  -1.561523,       620
 45.300,0,   0.138672,   1.973145,  -1.716797,   0.044922,   3.957520,  -1.540039,       621
 45.700,0,   0.137207,   1.865723,  -1.685059,   0.059082,   3.999878,  -1.563477,       622
 46.020,0,   0.179688,   1.813965,  -1.648926,   0.087891,   3.999878,  -1.540039,       623
 46.260,0,   0.093750,   1.754883,  -1.577637,   0.036621,   3.967773,  -1.462891,       624
 46.460,0,   0.124023,   1.729004,  -1.558105,   0.045898,   3.932617,  -1.505371,       625
 46.560,0,   0.096680,   1.729980,  -1.572266,  -0.003906,   3.851562,  -1.476562,       626
 46.600,0,   0.074219,   1.925781,  -1.587891,  -0.103516,   3.342773,  -1.500488,       627
 46.600,0,  -0.032227,   2.711426,  -1.603516,   0.053223,   2.985840,  -1.498535,       628
 46.600,0,   0.107422,   2.992676,  -1.621094,   0.064453,   3.107910,  -1.642578,       629
 46.600,0,   0.152832,   2.896973,  -1.510254,   0.041504,   3.104980,  -1.471680,       630
 46.620,0,   0.162598,   2.865723,  -1.511719,   0.109863,   3.042969,  -1.535156,       631
 46.620,0,   0.160645,   2.661133,  -1.262695,   0.062012,   2.987305,  -1.517578,       632
 46.600,0,   0.136230,   2.203613,  -1.066406,   0.016602,   2.923340,  -1.321289,       633
 46.580,0,  -0.002441,   2.271973,  -1.179688,  -0.104492,   2.384277,  -1.473145,       634
 46.540,0,   0.053711,   2.059570,  -1.013672,   0.126953,   2.365723,  -1.108887,       635
 46.460,0,   0.222656,   1.758301,  -1.163574,   0.154297,   2.111328,  -1.423828,       636
 46.360,0,   0.036621,   1.559570,  -0.767090,  -0.020996,   1.836914,  -1.049316,       637
 46.240,0,   0.054688,   1.363281,  -0.808105,   0.099609,   1.650879,  -0.982422,       638
 46.120,0,  -0.125977,   1.137695,  -0.737793,   0.007812,   1.569824,  -0.997559,       639
 45.980,0,  -0.173340,   0.933105,  -0.756348,   0.078613,   1.525879,  -0.872070,       640
 45.820,0,  -0.062988,   0.868652,  -0.812012,   0.114258,   1.446777,  -0.880859,       641
 45.660,0,   0.004883,   0.774902,  -0.831543,   0.114258,   1.498535,  -0.794922,       642
 45.460,0,   0.031738,   0.731934,  -0.862305,   0.102051,   1.591309,  -0.784668,       643
 45.220,0,   0.065430,   0.757324,  -0.942871,   0.044922,   1.575684,  -0.815430,       644
 44.960,0,   0.089844,   0.776855,  -1.003418,   0.029297,   1.652344,  -0.795898,       645
 44.660,0,   0.184570,   0.831055,  -1.055176,   0.138184,   1.781738,  -0.828125,       646
 44.320,0,   0.195312,   0.979980,  -1.131348,   0.199707,   1.836426,  -0.876465,       647
 43.980,0,   0.229980,   1.076660,  -1.095215,   0.218750,   1.940918,  -0.872559,       648
 43.620,0,   0.190430,   1.317871,  -1.077637,   0.150879,   2.073242,  -0.901855,       649
 43.240,0,   0.215332,   1.455566,  -1.046875,   0.104004,   2.140625,  -0.900879,       650
 42.820,0,   0.104492,   1.616211,  -0.996582,   0.055664,   2.294922,  -0.916504,       651
 42.380,0,   0.059570,   1.740234,  -0.971191,   0.035645,   2.382324,  -0.951660,       652
 41.920,0,   0.052734,   1.819336,  -0.971680,   0.003418,   2.414551,  -0.971191,       653
 41.460,0,   0.061035,   1.940430,  -0.910645,   0.015625,   2.537598,  -1.030762,       654
 41.000,0,   0.102051,   2.007324,  -0.881836,   0.096191,   2.576172,  -1.046875,       655
 40.480,0,   0.146484,   2.050293,  -0.858398,   0.103516,   2.570801,  -1.104492,       656
 39.940,0,   0.094727,   2.054199,  -0.869141,   0.045410,   2.606445,  -1.105957,       657
 39.420,0,   0.125000,   2.040527,  -0.898438,   0.019043,   2.566895,  -1.129883,       658
 38.880,0,   0.119629,   2.046387,  -0.938477,   0.022949,   2.520996,  -1.146973,       659
 38.300,0,   0.095215,   2.054199,  -0.929199,   0.007812,   2.517578,  -1.144531,       660
 37.700,0,   0.105957,   2.023438,  -0.937012,   0.043945,   2.479492,  -1.117188,       661
 37.120,0,   0.071777,   2.029297,  -0.976074,  -0.018066,   2.404297,  -1.105957,       662
 36.520,0,  -0.023438,   1.992188,  -0.929688,  -0.081543,   2.382324,  -1.046875,       663
 35.880,0,  -0.092773,   1.939941,  -0.970215,  -0.154785,   2.339355,  -1.048828,       664
 35.260,0,  -0.171875,   1.864258,  -0.894043,  -0.226074,   2.265625,  -0.953613,       665
 34.640,0,  -0.228516,   1.832520,  -0.875000,  -0.252441,   2.191895,  -0.919922,       666
 33.940,0,  -0.285156,   1.826172,  -0.876465,  -0.333496,   2.152344,  -0.934082,       667
 33.300,0,  -0.213379,   1.799805,  -0.850098,  -0.207031,   2.141113,  -0.854004,       668
 32.660,0,  -0.210938,   1.821777,  -0.916016,  -0.191406,   2.094727,  -0.888672,       669
 31.940,0,  -0.187012,   1.800781,  -0.817383,  -0.229492,   2.052734,  -0.837891,       670
 31.280,0,  -0.132324,   1.761230,  -0.766113,  -0.200195,   1.992188,  -0.804688,       671
 30.580,0,  -0.165527,   1.750000,  -0.777344,  -0.190918,   1.917969,  -0.792969,       672
 29.860,0,  -0.162598,   1.728027,  -0.628906,  -0.225098,   1.866211,  -0.729980,       673
 29.180,0,  -0.086914,   1.710449,  -0.637207,  -0.114746,   1.808594,  -0.694824,       674
 28.480,0,  -0.055176,   1.729492,  -0.608887,  -0.129883,   1.704102,  -0.671875,       675
 27.760,0,  -0.111328,   1.661621,  -0.512695,  -0.194824,   1.642090,  -0.632324,       676
 27.060,0,  -0.045410,   1.670898,  -0.554199,  -0.121094,   1.567383,  -0.644043,       677
 26.380,0,  -0.109375,   1.688477,  -0.541504,  -0.141602,   1.467285,  -0.628906,       678
 25.660,0,  -0.137695,   1.622070,  -0.496582,  -0.206543,   1.439453,  -0.630371,       679
 24.980,0,  -0.063477,   1.626465,  -0.485840,  -0.176270,   1.382324,  -0.622559,       680
 24.300,0,  -0.095215,   1.654785,  -0.487793,  -0.142578,   1.324219,  -0.628418,       681
 23.640,0,  -0.172852,   1.625000,  -0.475098,  -0.136719,   1.301758,  -0.622070,       682
 23.000,0,  -0.126465,   1.658691,  -0.481934,  -0.132812,   1.245605,  -0.622070,       683
 22.360,0,  -0.117188,   1.729004,  -0.495605,  -0.166992,   1.222656,  -0.614258,       684
 21.720,0,  -0.102051,   1.723145,  -0.448242,  -0.139648,   1.258789,  -0.648438,       685
 21.120,0,  -0.044922,   1.772461,  -0.539062,  -0.155762,   1.250977,  -0.687500,       686
 20.540,0,  -0.030273,   1.831055,  -0.508789,  -0.077148,   1.263672,  -0.662109,       687
 19.940,0,  -0.011719,   1.840332,  -0.503906,  -0.054199,   1.328613,  -0.717285,       688
 19.400,0,   0.088379,   1.866211,  -0.500488,  -0.004395,   1.324707,  -0.674316,       689
 18.880,0,   0.055664,   1.964355,  -0.427734,  -0.041016,   1.331543,  -0.714844,       690
 18.360,0,   0.084473,   1.993164,  -0.366699,  -0.003418,   1.380371,  -0.664062,       691
 17.840,0,   0.107910,   1.960449,  -0.334473,   0.055664,   1.421875,  -0.690430,       692
 17.380,0,   0.140137,   1.999512,  -0.284668,   0.024902,   1.403320,  -0.676758,       693
 16.940,0,   0.050781,   2.052246,  -0.246582,  -0.001465,   1.361328,  -0.591309,       694
 16.520,0,   0.113770,   2.054199,  -0.276855,   0.006836,   1.385254,  -0.650879,       695
 16.100,0,   0.119141,   2.034180,  -0.244629,   0.010742,   1.373047,  -0.612793,       696
 15.700,0,   0.083496,   2.044922,  -0.326660,   0.033203,   1.362305,  -0.633789,       697
 15.360,0,   0.069824,   2.007812,  -0.376953,  -0.010742,   1.346680,  -0.616699,       698
 15.020,0,   0.110352,   1.997070,  -0.403320,  -0.034668,   1.319336,  -0.625000,       699
 14.720,0,   0.043945,   1.968262,  -0.431152,   0.001465,   1.351074,  -0.638184,       700
 14.400,0,   0.099609,   1.922363,  -0.469727,   0.042969,   1.380859,  -0.689941,       701
 14.100,0,   0.048828,   1.873047,  -0.492188,   0.008789,   1.385254,  -0.609375,       702
 13.840,0,   0.062012,   1.855469,  -0.534180,   0.003906,   1.408691,  -0.673828,       703
 13.600,0,   0.130371,   1.827148,  -0.490723,   0.024902,   1.393066,  -0.670410,       704
 13.360,0,   0.152832,   1.793945,  -0.520508,   0.069824,   1.372070,  -0.651855,       705
 13.160,0,   0.062988,   1.781250,  -0.498535,  -0.048828,   1.358887,  -0.596680,       706
 12.940,0,   0.111328,   1.703125,  -0.435059,  -0.059082,   1.138184,  -0.598145,       707
 12.760,0,  -0.060059,   1.785156,  -0.974609,  -0.378418,   1.479492,  -0.795410,       708
 12.580,0,  -0.037109,   1.791504,  -0.412109,  -0.111328,   1.543945,  -0.705566,       709
 12.400,0,   0.065430,   1.824219,  -0.499023,   0.000488,   1.625488,  -0.579590,       710
 12.240,0,   0.070312,   1.912598,  -0.639648,   0.032715,   1.707031,  -1.047363,       711
 12.060,0,   0.087891,   1.966309,  -0.538574,   0.145508,   1.631836,  -0.524902,       712
 11.920,0,   0.124512,   1.967773,  -0.676270,  -0.072266,   1.697754,  -0.686035,       713
 11.780,0,   0.048828,   1.978516,  -0.534180,  -0.090332,   1.647461,  -0.784180,       714
 11.680,0,  -0.019531,   2.043945,  -0.661621,  -0.100098,   1.779297,  -0.713379,       715
 11.560,0,   0.078125,   2.042969,  -0.744629,  -0.061035,   1.854980,  -0.935547,       716
 11.460,0,   0.118652,   2.072754,  -0.636719,   0.007812,   1.859863,  -0.782715,       717
 11.360,0,   0.125488,   2.051270,  -0.694336,  -0.013184,   1.870117,  -0.908691,       718
 11.260,0,   0.004883,   2.034668,  -0.704590,   0.036133,   1.892578,  -0.873535,       719
 11.180,0,  -0.096680,   2.030273,  -0.707520,  -0.165527,   1.843750,  -0.801270,       720
 11.080,0,  -0.160156,   1.984863,  -0.698242,  -0.130859,   1.854492,  -0.912109,       721
 11.020,0,  -0.116699,   2.006348,  -0.731934,  -0.079102,   1.883301,  -0.878906,       722
 10.940,0,  -0.049316,   1.976074,  -0.647949,  -0.069336,   1.872559,  -0.889160,       723
 10.880,0,  -0.044434,   1.974121,  -0.759766,  -0.086914,   1.861816,  -0.927246,       724
 10.800,0,  -0.000488,   1.941895,  -0.726562,  -0.139160,   1.863281,  -0.872070,       725
 10.740,0,  -0.044922,   1.923828,  -0.727051,  -0.178711,   1.817871,  -0.882324,       726
 10.660,0,   0.000977,   1.868652,  -0.818359,  -0.133789,   1.853516,  -0.916992,       727
 10.600,0,   0.086426,   1.820801,  -0.709961,  -0.060059,   1.834961,  -0.937500,       728
 10.540,0,  -0.002930,   1.867676,  -0.812988,  -0.074219,   1.772461,  -0.774902,       729
 10.480,0,   0.008789,   1.818359,  -0.831543,  -0.050781,   1.772949,  -0.941895,       730
 10.400,0,   0.021484,   1.789551,  -0.551270,  -0.058594,   1.783203,  -0.870117,       731
 10.340,0,   0.008789,   1.829590,  -0.762207,  -0.171875,   1.750488,  -0.691406,       732
 10.300,0,  -0.024414,   1.780762,  -0.669922,  -0.155273,   1.776855,  -0.876465,       733
 10.220,0,  -0.107910,   1.798340,  -0.696289,  -0.211426,   1.788086,  -0.824219,       734
 10.180,0,  -0.069336,   1.811523,  -0.761719,  -0.214355,   1.759766,  -0.914551,       735
 10.120,0,  -0.094727,   1.799316,  -0.588379,  -0.153320,   1.793945,  -0.796875,       736
 10.060,0,  -0.061523,   1.828125,  -0.736816,  -0.142090,   1.779297,  -0.825195,       737
 10.000,0,  -0.029297,   1.807129,  -0.713379,  -0.111328,   1.771973,  -0.860840,       738
  9.960,0,  -0.092773,   1.826172,  -0.672852,  -0.125000,   1.800781,  -0.808105,       739
  9.900,0,  -0.043945,   1.838379,  -0.750000,  -0.098145,   1.811523,  -0.880371,       740
  9.860,0,  -0.010742,   1.833008,  -0.755371,  -0.062988,   1.838867,  -0.890625,       741
  9.820,0,  -0.017090,   1.867188,  -0.772461,  -0.056641,   1.859375,  -0.884277,       742
  9.760,0,   0.024414,   1.885254,  -0.791504,  -0.062012,   1.849121,  -0.899902,       743
  9.720,0,   0.030762,   1.882324,  -0.798340,  -0.036621,   1.849121,  -0.927246,       744
  9.680,0,   0.040039,   1.881348,  -0.802734,  -0.036621,   1.853516,  -0.919922,       745
  9.640,0,   0.044922,   1.855469,  -0.771973,  -0.038574,   1.854492,  -0.933105,       746
  9.600,0,   0.020020,   1.867188,  -0.791992,  -0.070801,   1.816406,  -0.937500,       747
  9.560,0,  -0.029785,   1.830566,  -0.775879,  -0.083008,   1.817383,  -0.909180,       748
  9.520,0,  -0.049805,   1.822266,  -0.753906,  -0.060059,   1.816895,  -0.930664,       749
  9.480,0,  -0.025391,   1.828125,  -0.747559,   0.013672,   1.827148,  -0.931641,       750
  9.440,0,   0.002930,   1.826660,  -0.758301,   0.013672,   1.813965,  -0.940430,       751
  9.400,0,   0.012207,   1.824707,  -0.749512,   0.008789,   1.806641,  -0.954102,       752
  9.360,0,   0.041504,   1.834473,  -0.756836,  -0.003418,   1.807617,  -0.939453,       753
  9.320,0,   0.046875,   1.838867,  -0.789551,   0.013184,   1.812500,  -0.927246,       754
  9.300,0,   0.083008,   1.844238,  -0.831543,   0.024902,   1.845215,  -0.979004,       755
  9.260,0,   0.115723,   1.846680,  -0.822754,  -0.007812,   1.828125,  -0.942383,       756
  9.220,0,   0.117188,   1.861328,  -0.833984,   0.025391,   1.846680,  -0.968750,       757
  9.200,0,   0.148438,   1.854980,  -0.825195,   0.044922,   1.829102,  -0.960449,       758
  9.180,0,   0.133789,   1.849121,  -0.833008,   0.072266,   1.839355,  -0.947266,       759
  9.140,0,   0.130371,   1.836914,  -0.826660,   0.070312,   1.836426,  -0.990723,       760
  9.120,0,   0.117188,   1.832520,  -0.838867,   0.052734,   1.837402,  -0.961914,       761
  9.080,0,   0.091309,   1.818359,  -0.838379,   0.031738,   1.830078,  -0.969727,       762
  9.060,0,   0.082031,   1.833008,  -0.866699,   0.029785,   1.839355,  -0.956543,       763
  9.040,0,   0.065918,   1.822266,  -0.852539,   0.020020,   1.838867,  -0.944336,       764
  9.020,0,   0.053711,   1.850586,  -0.852051,  -0.008789,   1.826172,  -0.965820,       765
  9.000,0,   0.040039,   1.847656,  -0.861328,  -0.061035,   1.851562,  -0.954102,       766
  8.960,0,   0.000977,   1.836426,  -0.829102,  -0.056152,   1.858398,  -0.959961,       767
  8.940,0,  -0.026855,   1.838867,  -0.816406,  -0.063965,   1.871094,  -0.973633,       768
  8.920,0,  -0.015625,   1.845215,  -0.819336,  -0.055176,   1.869629,  -0.968750,       769
  8.900,0,  -0.034668,   1.846191,  -0.807129,  -0.082520,   1.869141,  -0.972168,       770
  8.880,0,  -0.026367,   1.856445,  -0.809570,  -0.068359,   1.860352,  -0.965332,       771
  8.860,0,  -0.046875,   1.856934,  -0.808594,  -0.031738,   1.863281,  -0.972168,       772
  8.820,0,  -0.035156,   1.845703,  -0.776855,  -0.026855,   1.849609,  -0.971191,       773
  8.800,0,  -0.021484,   1.853027,  -0.789551,  -0.052734,   1.851074,  -0.942871,       774
  8.780,0,  -0.000977,   1.835938,  -0.795410,  -0.067871,   1.847656,  -0.962402,       775
  8.760,0,   0.014648,   1.844727,  -0.775391,  -0.030762,   1.859375,  -0.953613,       776
  8.740,0,   0.014648,   1.838867,  -0.802246,  -0.009766,   1.849609,  -0.960449,       777
  8.720,0,   0.032715,   1.837891,  -0.777832,  -0.003418,   1.828613,  -0.918457,       778
  8.680,0,   0.044434,   1.820312,  -0.791504,   0.011719,   1.823730,  -0.951172,       779
  8.660,0,   0.043457,   1.820312,  -0.809570,   0.004883,   1.811035,  -0.954102,       780
  8.640,0,   0.048828,   1.799805,  -0.804199,   0.025391,   1.823242,  -0.917969,       781
  8.620,0,   0.051758,   1.811035,  -0.821777,   0.039551,   1.832520,  -0.934570,       782
  8.580,0,   0.064453,   1.791992,  -0.805664,   0.009277,   1.797363,  -0.931152,       783
  8.560,0,   0.069336,   1.794922,  -0.808594,   0.006836,   1.802734,  -0.928711,       784
  8.540,0,   0.073730,   1.799805,  -0.794922,   0.038574,   1.800293,  -0.919922,       785
  8.520,0,   0.097656,   1.799316,  -0.799805,   0.064941,   1.805176,  -0.916504,       786
  8.500,0,   0.105469,   1.797852,  -0.800781,   0.075195,   1.790527,  -0.949707,       787
  8.480,0,   0.111816,   1.786621,  -0.802734,   0.079590,   1.794922,  -0.939941,       788
  8.460,0,   0.122070,   1.781738,  -0.774902,   0.068848,   1.783691,  -0.928711,       789
  8.420,0,   0.130371,   1.789062,  -0.785156,   0.090820,   1.788086,  -0.937500,       790
  8.400,0,   0.140625,   1.795898,  -0.797363,   0.103027,   1.813477,  -0.953613,       791
  8.380,0,   0.154785,   1.805664,  -0.787598,   0.106445,   1.808105,  -0.943359,       792
  8.360,0,   0.145996,   1.816406,  -0.781250,   0.083984,   1.815918,  -0.975586,       793
  8.340,0,   0.144043,   1.827148,  -0.785645,   0.105957,   1.843750,  -0.942383,       794
  8.320,0,   0.146973,   1.849121,  -0.816406,   0.116211,   1.843750,  -0.970703,       795
  8.300,0,   0.146484,   1.848145,  -0.816895,   0.105957,   1.869141,  -0.960449,       796
  8.300,0,   0.123047,   1.851562,  -0.819336,   0.050293,   1.853027,  -0.963379,       797
  8.280,0,   0.108887,   1.851562,  -0.803223,   0.062988,   1.851074,  -0.960449,       798
  8.260,0,   0.099121,   1.846680,  -0.816406,   0.062500,   1.862793,  -0.948730,       799
  8.240,0,   0.079102,   1.865234,  -0.818359,   0.074707,   1.868164,  -0.943848,       800
  8.220,0,   0.062988,   1.858887,  -0.817383,   0.065918,   1.872559,  -0.966309,       801
  8.200,0,   0.053223,   1.871582,  -0.807129,   0.060059,   1.876953,  -0.942383,       802
  8.180,0,   0.060059,   1.858398,  -0.805664,   0.042969,   1.875977,  -0.944824,       803
  8.160,0,   0.050781,   1.869141,  -0.823730,   0.060059,   1.870605,  -0.962891,       804
  8.140,0,   0.073730,   1.853516,  -0.805664,   0.052246,   1.866699,  -0.960449,       805
  8.140,0,   0.084961,   1.866699,  -0.797363,   0.052246,   1.855957,  -0.944336,       806
  8.100,0,   0.110352,   1.847656,  -0.809570,   0.050293,   1.849609,  -0.948242,       807
  8.100,0,   0.106445,   1.828613,  -0.783691,   0.085938,   1.842285,  -0.923828,       808
  8.080,0,   0.133301,   1.843262,  -0.773926,   0.116211,   1.841797,  -0.923828,       809
  8.060,0,   0.124023,   1.818848,  -0.789062,   0.076172,   1.814941,  -0.930664,       810
  8.040,0,   0.134766,   1.812500,  -0.772949,   0.072754,   1.820801,  -0.915039,       811
  8.020,0,   0.156738,   1.815430,  -0.741211,   0.084473,   1.812012,  -0.921875,       812
  8.000,0,   0.160156,   1.803223,  -0.768066,   0.139160,   1.816895,  -0.931641,       813
  7.980,0,   0.139648,   1.802734,  -0.772949,   0.134277,   1.824219,  -0.917969,       814
  7.960,0,   0.145996,   1.819336,  -0.757324,   0.115234,   1.825684,  -0.891113,       815
  7.940,0,   0.154297,   1.799316,  -0.780762,   0.097656,   1.812988,  -0.916016,       816
  7.940,0,   0.162109,   1.807617,  -0.782715,   0.117188,   1.827148,  -0.918457,       817
  7.920,0,   0.141602,   1.824707,  -0.791992,   0.130371,   1.826660,  -0.908691,       818
  7.900,0,   0.171387,   1.812500,  -0.794434,   0.135742,   1.827148,  -0.940918,       819
  7.880,0,   0.159180,   1.820312,  -0.768066,   0.128906,   1.821777,  -0.914062,       820
  7.860,0,   0.156738,   1.822754,  -0.795898,   0.138672,   1.833984,  -0.933594,       821
  7.860,0,   0.172363,   1.812500,  -0.768555,   0.160156,   1.843262,  -0.899414,       822
  7.840,0,   0.202148,   1.808105,  -0.761719,   0.186523,   1.841797,  -0.920898,       823
  7.820,0,   0.176270,   1.829590,  -0.771973,   0.135254,   1.842773,  -0.942383,       824
  7.820,0,   0.175781,   1.831543,  -0.773926,   0.144531,   1.839844,  -0.936035,       825
  7.800,0,   0.175781,   1.839355,  -0.768066,   0.184082,   1.849609,  -0.921875,       826
  7.780,0,   0.187012,   1.829590,  -0.762695,   0.187988,   1.847656,  -0.929199,       827
  7.760,0,   0.166016,   1.848633,  -0.763184,   0.169922,   1.865723,  -0.948242,       828
  7.760,0,   0.166016,   1.843750,  -0.772949,   0.125977,   1.852051,  -0.918945,       829
  7.740,0,   0.165527,   1.860352,  -0.769043,   0.141602,   1.874512,  -0.943848,       830
  7.720,0,   0.167480,   1.852051,  -0.762207,   0.141602,   1.855469,  -0.917969,       831
  7.700,0,   0.135742,   1.858887,  -0.790527,   0.144043,   1.872559,  -0.913574,       832
  7.700,0,   0.138672,   1.842773,  -0.763184,   0.121582,   1.850098,  -0.911621,       833
  7.680,0,   0.118652,   1.841797,  -0.791016,   0.117188,   1.860840,  -0.902344,       834
  7.660,0,   0.128906,   1.840820,  -0.766602,   0.130371,   1.847168,  -0.910645,       835
  7.660,0,   0.118164,   1.817383,  -0.783203,   0.135742,   1.839355,  -0.918945,       836
  7.640,0,   0.120605,   1.832520,  -0.771484,   0.115723,   1.824707,  -0.896484,       837
  7.620,0,   0.117188,   1.813477,  -0.778320,   0.108398,   1.817383,  -0.909180,       838
  7.600,0,   0.135254,   1.808105,  -0.776855,   0.124023,   1.833984,  -0.931152,       839
  7.580,0,   0.149414,   1.806152,  -0.781738,   0.163086,   1.826172,  -0.917969,       840
  7.580,0,   0.166992,   1.814941,  -0.779785,   0.178711,   1.833008,  -0.908691,       841
  7.560,0,   0.177246,   1.807129,  -0.757812,   0.142578,   1.810547,  -0.918945,       842
  7.540,0,   0.191895,   1.810547,  -0.793945,   0.150879,   1.818359,  -0.916016,       843
  7.520,0,   0.201660,   1.803223,  -0.772949,   0.177246,   1.829102,  -0.921387,       844
  7.520,0,   0.202148,   1.833984,  -0.762695,   0.199707,   1.838867,  -0.932129,       845
  7.500,0,   0.209473,   1.822266,  -0.766602,   0.185547,   1.829102,  -0.916016,       846
  7.480,0,   0.208984,   1.827148,  -0.761719,   0.184082,   1.845703,  -0.937500,       847
  7.460,0,   0.206055,   1.825195,  -0.769531,   0.188477,   1.846680,  -0.944824,       848
  7.460,0,   0.206543,   1.839844,  -0.771973,   0.180176,   1.854492,  -0.938477,       849
  7.440,0,   0.204102,   1.855957,  -0.775879,   0.182129,   1.862793,  -0.954102,       850
  7.420,0,   0.205566,   1.852051,  -0.781250,   0.175293,   1.856445,  -0.932617,       851
  7.420,0,   0.196777,   1.853027,  -0.782715,   0.177246,   1.861328,  -0.937988,       852
  7.400,0,   0.208984,   1.864746,  -0.791504,   0.202637,   1.882324,  -0.927246,       853
  7.380,0,   0.199219,   1.848145,  -0.787109,   0.213379,   1.874023,  -0.924316,       854
  7.380,0,   0.185547,   1.853516,  -0.788574,   0.204590,   1.870605,  -0.922852,       855
  7.360,0,   0.202148,   1.853027,  -0.784180,   0.160645,   1.859863,  -0.939453,       856
  7.360,0,   0.194336,   1.850586,  -0.775391,   0.156250,   1.868164,  -0.940430,       857
  7.340,0,   0.182129,   1.853516,  -0.786133,   0.171387,   1.875000,  -0.933594,       858
  7.320,0,   0.190430,   1.835938,  -0.786133,   0.189941,   1.857910,  -0.923828,       859
  7.320,0,   0.182129,   1.829590,  -0.780273,   0.159180,   1.866699,  -0.918457,       860
  7.300,0,   0.166504,   1.847168,  -0.785645,   0.131836,   1.854980,  -0.939941,       861
  7.280,0,   0.165527,   1.852539,  -0.758789,   0.151855,   1.858887,  -0.905762,       862
  7.280,0,   0.137695,   1.847656,  -0.772461,   0.144043,   1.853516,  -0.903320,       863
  7.260,0,   0.139648,   1.827637,  -0.777832,   0.122070,   1.837402,  -0.912598,       864
  7.260,0,   0.120605,   1.828613,  -0.746094,   0.097168,   1.834473,  -0.902344,       865
  7.240,0,   0.091797,   1.821289,  -0.747070,   0.077637,   1.819824,  -0.909668,       866
  7.220,0,   0.089355,   1.813477,  -0.744141,   0.110352,   1.832031,  -0.904297,       867
  7.220,0,   0.092773,   1.821777,  -0.764160,   0.111816,   1.840332,  -0.901367,       868
  7.200,0,   0.104492,   1.826660,  -0.761719,   0.079102,   1.828613,  -0.916504,       869
  7.180,0,   0.109863,   1.819336,  -0.765137,   0.078125,   1.814941,  -0.905273,       870
  7.180,0,   0.109863,   1.808594,  -0.760742,   0.098145,   1.817871,  -0.910156,       871
  7.160,0,   0.109863,   1.818848,  -0.784668,   0.123047,   1.820312,  -0.891602,       872
  7.140,0,   0.127441,   1.807129,  -0.761230,   0.125488,   1.829590,  -0.899414,       873
  7.140,0,   0.143555,   1.810547,  -0.774902,   0.117676,   1.819824,  -0.905273,       874
  7.120,0,   0.133301,   1.817871,  -0.779785,   0.105469,   1.834473,  -0.883789,       875
  7.100,0,   0.152832,   1.826172,  -0.768066,   0.144531,   1.836426,  -0.917480,       876
  7.100,0,   0.159668,   1.834473,  -0.778809,   0.129395,   1.828125,  -0.920410,       877
  7.080,0,   0.157715,   1.831543,  -0.753418,   0.123047,   1.842285,  -0.906738,       878
  7.060,0,   0.158203,   1.830566,  -0.760742,   0.102051,   1.839355,  -0.916504,       879
  7.040,0,   0.148926,   1.826660,  -0.770508,   0.134766,   1.851074,  -0.931152,       880
  7.040,0,   0.150879,   1.847656,  -0.770020,   0.136719,   1.858398,  -0.936523,       881
  7.020,0,   0.156250,   1.841797,  -0.774414,   0.137695,   1.854980,  -0.921387,       882
  7.020,0,   0.147949,   1.846680,  -0.774902,   0.091309,   1.851074,  -0.919434,       883
  7.000,0,   0.152344,   1.840820,  -0.773926,   0.099121,   1.845703,  -0.931641,       884
  6.980,0,   0.153320,   1.851562,  -0.782227,   0.132812,   1.859863,  -0.923828,       885
  6.980,0,   0.136230,   1.842285,  -0.778809,   0.124512,   1.860840,  -0.922363,       886
  6.960,0,   0.155762,   1.859863,  -0.767578,   0.119629,   1.864258,  -0.952148,       887
  6.960,0,   0.135254,   1.848145,  -0.782715,   0.095215,   1.854980,  -0.930664,       888
  6.940,0,   0.132812,   1.855469,  -0.770020,   0.098633,   1.873047,  -0.944336,       889
  6.940,0,   0.134766,   1.854492,  -0.774902,   0.117676,   1.885742,  -0.923828,       890
  6.920,0,   0.127930,   1.860840,  -0.765625,   0.114746,   1.866699,  -0.921387,       891
  6.900,0,   0.121094,   1.857910,  -0.771973,   0.089844,   1.864258,  -0.920410,       892
  6.900,0,   0.127930,   1.848633,  -0.781250,   0.104492,   1.878418,  -0.932617,       893
  6.880,0,   0.111328,   1.852539,  -0.758301,   0.127930,   1.886230,  -0.916992,       894
  6.880,0,   0.110840,   1.851562,  -0.763672,   0.109863,   1.870605,  -0.908203,       895
  6.860,0,   0.106934,   1.857422,  -0.767090,   0.067383,   1.859863,  -0.912598,       896
  6.860,0,   0.112305,   1.846680,  -0.764160,   0.052734,   1.852539,  -0.920898,       897
  6.840,0,   0.095703,   1.842285,  -0.741699,   0.041016,   1.851074,  -0.900879,       898
  6.840,0,   0.100586,   1.848145,  -0.767090,   0.082031,   1.859375,  -0.884277,       899
  6.820,0,   0.093262,   1.838379,  -0.768066,   0.078125,   1.847656,  -0.892578,       900
  6.800,0,   0.089355,   1.843262,  -0.751465,   0.032227,   1.829590,  -0.905273,       901
  6.800,0,   0.092285,   1.831543,  -0.760254,   0.040039,   1.837402,  -0.887695,       902
  6.780,0,   0.116699,   1.833496,  -0.730957,   0.055176,   1.855957,  -0.899414,       903
  6.780,0,   0.097168,   1.826172,  -0.764160,   0.064941,   1.837891,  -0.895508,       904
  6.760,0,   0.112305,   1.833008,  -0.745605,   0.052246,   1.820312,  -0.885742,       905
  6.760,0,   0.110840,   1.820312,  -0.744629,   0.033203,   1.824219,  -0.916504,       906
  6.740,0,   0.118652,   1.827148,  -0.735840,   0.058105,   1.838379,  -0.896484,       907
  6.740,0,   0.122559,   1.822754,  -0.758301,   0.079102,   1.845703,  -0.878906,       908
  6.720,0,   0.107422,   1.832031,  -0.747070,   0.047852,   1.833496,  -0.882812,       909
  6.720,0,   0.106934,   1.827637,  -0.744629,   0.040039,   1.840820,  -0.893066,       910
  6.700,0,   0.105469,   1.825684,  -0.755859,   0.027344,   1.839355,  -0.876953,       911
  6.700,0,   0.109375,   1.834961,  -0.743652,   0.079102,   1.844727,  -0.895508,       912
  6.680,0,   0.094238,   1.835938,  -0.752441,   0.064453,   1.850098,  -0.899414,       913
  6.680,0,   0.105469,   1.845215,  -0.744629,   0.051270,   1.852539,  -0.894043,       914
  6.660,0,   0.088867,   1.846191,  -0.747559,   0.031738,   1.844238,  -0.896484,       915
  6.660,0,   0.078613,   1.841309,  -0.741211,   0.029785,   1.862793,  -0.890137,       916
  6.640,0,   0.092773,   1.858887,  -0.750000,   0.065430,   1.866211,  -0.899414,       917
  6.640,0,   0.078125,   1.857422,  -0.755371,   0.052246,   1.846680,  -0.909668,       918
  6.620,0,   0.078613,   1.854980,  -0.757324,   0.035156,   1.858398,  -0.886719,       919
  6.620,0,   0.078613,   1.857422,  -0.773438,   0.034180,   1.862305,  -0.899414,       920
  6.600,0,   0.085938,   1.850098,  -0.764160,   0.065918,   1.857422,  -0.920410,       921
  6.580,0,   0.074219,   1.845215,  -0.764160,   0.068848,   1.864258,  -0.908691,       922
  6.580,0,   0.091309,   1.834961,  -0.758789,   0.041992,   1.843262,  -0.903809,       923
  6.560,0,   0.080078,   1.828613,  -0.758301,   0.026855,   1.842285,  -0.896484,       924
  6.560,0,   0.083984,   1.835938,  -0.766602,   0.036621,   1.835938,  -0.907715,       925
  6.540,0,   0.082031,   1.826660,  -0.757324,   0.062988,   1.841797,  -0.895996,       926
  6.540,0,   0.085449,   1.831543,  -0.794922,   0.041016,   1.853516,  -0.910645,       927
  6.520,0,   0.096191,   1.837402,  -0.772949,   0.021973,   1.851074,  -0.898926,       928
  6.520,0,   0.102539,   1.839844,  -0.759766,   0.027832,   1.838867,  -0.926270,       929
  6.500,0,   0.087402,   1.823730,  -0.755859,   0.041992,   1.840332,  -0.903809,       930
  6.500,0,   0.085938,   1.836426,  -0.758301,   0.043457,   1.848145,  -0.895508,       931
  6.480,0,   0.081543,   1.833984,  -0.765137,   0.028320,   1.852539,  -0.902832,       932
  6.480,0,   0.093262,   1.834961,  -0.756836,   0.005859,   1.829590,  -0.896484,       933
  6.460,0,   0.077148,   1.839844,  -0.763672,   0.023438,   1.854492,  -0.894531,       934
  6.460,0,   0.070312,   1.836426,  -0.757324,   0.037109,   1.865234,  -0.912109,       935
  6.440,0,   0.072754,   1.837402,  -0.788086,   0.014648,   1.856445,  -0.935059,       936
  6.440,0,   0.078613,   1.849121,  -0.767090,  -0.006836,   1.859375,  -0.915039,       937
  6.420,0,   0.067383,   1.848633,  -0.764160,  -0.001465,   1.839355,  -0.890625,       938
  6.420,0,   0.067383,   1.835449,  -0.759766,   0.024902,   1.855957,  -0.913574,       939
  6.420,0,   0.057617,   1.843750,  -0.750488,   0.029297,   1.856934,  -0.903320,       940
  6.400,0,   0.074707,   1.842285,  -0.759277,   0.014160,   1.860352,  -0.929199,       941
  6.400,0,   0.060059,   1.840332,  -0.770508,  -0.001953,   1.858398,  -0.904785,       942
  6.380,0,   0.063477,   1.838867,  -0.759766,  -0.007812,   1.852539,  -0.925293,       943
  6.380,0,   0.061523,   1.835449,  -0.764648,   0.015625,   1.858887,  -0.905762,       944
  6.360,0,   0.053223,   1.829590,  -0.754395,   0.015625,   1.853516,  -0.901367,       945
  6.360,0,   0.048828,   1.843750,  -0.763184,   0.016602,   1.850098,  -0.894531,       946
  6.340,0,   0.070312,   1.837402,  -0.764160,   0.015137,   1.841797,  -0.916504,       947
  6.340,0,   0.058105,   1.828125,  -0.757812,   0.021484,   1.862793,  -0.912109,       948
  6.320,0,   0.064941,   1.824219,  -0.778320,   0.041504,   1.848633,  -0.901367,       949
  6.320,0,   0.056152,   1.842773,  -0.777344,   0.007324,   1.843262,  -0.915527,       950
  6.300,0,   0.064941,   1.832520,  -0.772949,   0.014648,   1.832520,  -0.917480,       951
  6.300,0,   0.071777,   1.827148,  -0.785645,   0.007812,   1.854004,  -0.920898,       952
  6.300,0,   0.068848,   1.835938,  -0.785645,   0.051758,   1.857910,  -0.921875,       953
  6.280,0,   0.090332,   1.846680,  -0.778320,   0.053223,   1.853027,  -0.927734,       954
  6.280,0,   0.082031,   1.846680,  -0.780762,   0.015625,   1.843262,  -0.925781,       955
  6.260,0,   0.094238,   1.837402,  -0.804688,   0.011719,   1.859863,  -0.931641,       956
  6.260,0,   0.090332,   1.837891,  -0.774902,   0.037109,   1.853516,  -0.940918,       957
  6.240,0,   0.070801,   1.834473,  -0.803711,   0.042969,   1.852539,  -0.927734,       958
  6.240,0,   0.094727,   1.834961,  -0.783691,   0.032227,   1.848145,  -0.909668,       959
  6.220,0,   0.085449,   1.836426,  -0.785156,   0.019043,   1.846191,  -0.922852,       960
  6.220,0,   0.081543,   1.841309,  -0.791504,   0.028809,   1.847168,  -0.916016,       961
  6.220,0,   0.084961,   1.830078,  -0.784180,   0.034180,   1.857910,  -0.917969,       962
  6.200,0,   0.070312,   1.837402,  -0.771484,   0.016602,   1.842773,  -0.916504,       963
  6.200,0,   0.062500,   1.837891,  -0.774414,  -0.018555,   1.852539,  -0.941895,       964
  6.200,0,   0.047363,   1.844238,  -0.779785,  -0.012207,   1.843750,  -0.917969,       965
  6.180,0,   0.068359,   1.846191,  -0.786621,   0.012695,   1.850098,  -0.926270,       966
  6.180,0,   0.040039,   1.833008,  -0.780762,   0.008789,   1.860352,  -0.918457,       967
  6.180,0,   0.042480,   1.824707,  -0.776855,   0.002930,   1.849121,  -0.919922,       968
  6.160,0,   0.045898,   1.846680,  -0.761719,  -0.034668,   1.841309,  -0.919434,       969
  6.160,0,   0.024414,   1.827148,  -0.777832,  -0.029297,   1.846191,  -0.932129,       970
  6.140,0,   0.037109,   1.837402,  -0.793945,  -0.016602,   1.853516,  -0.920898,       971
  6.140,0,   0.025391,   1.835449,  -0.775879,  -0.009766,   1.850098,  -0.934570,       972
  6.140,0,   0.021484,   1.850098,  -0.781250,  -0.017578,   1.845215,  -0.916016,       973
  6.120,0,   0.030273,   1.834961,  -0.791992,  -0.032715,   1.860352,  -0.919922,       974
  6.120,0,   0.018555,   1.855469,  -0.776855,  -0.002930,   1.868652,  -0.930664,       975
  6.100,0,   0.019531,   1.838379,  -0.772949,  -0.002930,   1.862793,  -0.915527,       976
  6.100,0,   0.040039,   1.843750,  -0.779785,  -0.027832,   1.854980,  -0.903809,       977
  6.100,0,   0.035156,   1.850098,  -0.773926,  -0.030273,   1.848633,  -0.931641,       978
  6.080,0,   0.024902,   1.841309,  -0.761719,  -0.034668,   1.846191,  -0.926270,       979
  6.080,0,   0.035645,   1.843750,  -0.772949,   0.010254,   1.874512,  -0.932617,       980
  6.060,0,   0.053223,   1.843262,  -0.776367,   0.001953,   1.845703,  -0.905273,       981
  6.060,0,   0.045410,   1.828125,  -0.777344,  -0.007324,   1.846680,  -0.919922,       982
  6.060,0,   0.038086,   1.832031,  -0.793457,  -0.024414,   1.854980,  -0.895020,       983
  6.040,0,   0.039062,   1.833008,  -0.789551,  -0.014160,   1.841309,  -0.934082,       984
  6.040,0,   0.053223,   1.828125,  -0.761230,   0.002930,   1.847656,  -0.904785,       985
  6.020,0,   0.051270,   1.837402,  -0.775879,   0.007812,   1.838379,  -0.932617,       986
  6.020,0,   0.055664,   1.828613,  -0.761719,  -0.008789,   1.849121,  -0.913574,       987
  6.020,0,   0.048828,   1.816895,  -0.775391,  -0.006836,   1.841309,  -0.914062,       988
  6.000,0,   0.061035,   1.839355,  -0.782715,   0.016602,   1.845215,  -0.925293,       989
  6.000,0,   0.066895,   1.828125,  -0.781250,   0.019531,   1.839355,  -0.919434,       990
  6.000,0,   0.067383,   1.821289,  -0.775879,  -0.007324,   1.836914,  -0.928223,       991
  5.980,0,   0.060059,   1.838867,  -0.776367,  -0.021484,   1.830566,  -0.925781,       992
  5.980,0,   0.047363,   1.825684,  -0.788574,   0.018555,   1.849121,  -0.914062,       993
  5.980,0,   0.054688,   1.827637,  -0.768066,   0.018066,   1.842773,  -0.922363,       994
  5.960,0,   0.060059,   1.840820,  -0.777344,   0.020020,   1.846680,  -0.933594,       995
  5.960,0,   0.048340,   1.843262,  -0.775391,  -0.021484,   1.847168,  -0.912109,       996
  5.940,0,   0.050293,   1.841309,  -0.763672,  -0.026855,   1.854004,  -0.927246,       997
  5.940,0,   0.039062,   1.835449,  -0.748535,  -0.018555,   1.854004,  -0.901855,       998
  5.940,0,   0.054199,   1.828125,  -0.790527,  -0.002930,   1.851562,  -0.920898,       999
  5.940,0,   0.047852,   1.851074,  -0.774414,  -0.010742,   1.848145,  -0.944824,      1000
  5.920,0,   0.043945,   1.848633,  -0.776855,  -0.018066,   1.847656,  -0.909180,      1001
  5.920,0,   0.037109,   1.849609,  -0.770996,  -0.010254,   1.849121,  -0.904297,      1002
  5.920,0,   0.044434,   1.835938,  -0.776855,   0.009277,   1.854004,  -0.923828,      1003
  5.900,0,   0.040527,   1.827637,  -0.768555,  -0.013672,   1.845703,  -0.921387,      1004
  5.900,0,   0.043945,   1.836914,  -0.781250,  -0.021484,   1.843750,  -0.916992,      1005
  5.900,0,   0.031250,   1.832031,  -0.760254,  -0.013184,   1.841797,  -0.929199,      1006
  5.880,0,   0.045410,   1.811523,  -0.767090,   0.032227,   1.844238,  -0.938477,      1007
  5.880,0,   0.049805,   1.813965,  -0.797363,   0.041016,   1.829102,  -0.938965,      1008
  5.880,0,   0.067383,   1.819336,  -0.797363,   0.055664,   1.812500,  -0.926758,      1009
  5.860,0,   0.079102,   1.801270,  -0.796387,   0.032227,   1.815918,  -0.932617,      1010
  5.860,0,   0.096191,   1.801758,  -0.813477,   0.051270,   1.812012,  -0.966797,      1011
  5.860,0,   0.096191,   1.791504,  -0.821289,   0.085449,   1.805664,  -0.968262,      1012
  5.840,0,   0.109375,   1.797363,  -0.809570,   0.093262,   1.794434,  -0.989258,      1013
  5.840,0,   0.113770,   1.792969,  -0.847168,   0.088867,   1.793945,  -0.978516,      1014
  5.840,0,   0.114258,   1.803223,  -0.828613,   0.083008,   1.826172,  -0.983398,      1015
  5.840,0,   0.129883,   1.806641,  -0.845215,   0.108887,   1.826172,  -0.960938,      1016
  5.820,0,   0.127930,   1.812988,  -0.851562,   0.106445,   1.831055,  -0.975098,      1017
  5.820,0,   0.127930,   1.832520,  -0.836426,   0.063477,   1.842773,  -0.963379,      1018
  5.820,0,   0.120117,   1.846191,  -0.832520,   0.047852,   1.842285,  -0.959961,      1019
  5.820,0,   0.118164,   1.842773,  -0.837891,   0.044922,   1.862793,  -0.955566,      1020
  5.800,0,   0.110352,   1.852051,  -0.821777,   0.069824,   1.872559,  -0.949707,      1021
  5.800,0,   0.092773,   1.849121,  -0.811035,   0.050293,   1.871094,  -0.948242,      1022
  5.800,0,   0.076660,   1.860352,  -0.805664,   0.008301,   1.869141,  -0.966797,      1023
  5.800,0,   0.083496,   1.865234,  -0.809082,  -0.004883,   1.865723,  -0.953613,      1024
  5.800,0,   0.066406,   1.850586,  -0.806641,   0.000488,   1.868652,  -0.947266,      1025
  5.780,0,   0.067871,   1.851562,  -0.800293,   0.003418,   1.874512,  -0.941895,      1026
  5.780,0,   0.049805,   1.845215,  -0.785156,  -0.024414,   1.870117,  -0.935059,      1027
  5.780,0,   0.049316,   1.843750,  -0.804688,  -0.016602,   1.838379,  -0.953613,      1028
  5.780,0,   0.033203,   1.842285,  -0.787598,  -0.034668,   1.855957,  -0.933105,      1029
  5.780,0,   0.021973,   1.830566,  -0.760742,  -0.025391,   1.849609,  -0.938477,      1030
  5.760,0,   0.014648,   1.829590,  -0.778809,  -0.048828,   1.845703,  -0.936035,      1031
  5.760,0,   0.005371,   1.827148,  -0.760254,  -0.069824,   1.834961,  -0.928711,      1032
  5.760,0,   0.002441,   1.822754,  -0.782715,  -0.071289,   1.839355,  -0.915527,      1033
  5.760,0,  -0.008789,   1.818848,  -0.766602,  -0.056152,   1.841309,  -0.922852,      1034
  5.740,0,  -0.006836,   1.832031,  -0.771484,  -0.038086,   1.846191,  -0.911133,      1035
  5.740,0,   0.001953,   1.817871,  -0.770508,  -0.028320,   1.841309,  -0.907227,      1036
  5.740,0,   0.015137,   1.828125,  -0.765137,  -0.060059,   1.843262,  -0.898438,      1037
  5.740,0,   0.006836,   1.830566,  -0.785645,  -0.043945,   1.843750,  -0.928223,      1038
  5.720,0,   0.042969,   1.832031,  -0.791504,  -0.020508,   1.839844,  -0.924805,      1039
  5.720,0,   0.049316,   1.827637,  -0.783691,   0.023926,   1.839355,  -0.907715,      1040
  5.700,0,   0.066406,   1.829102,  -0.772461,   0.011719,   1.828613,  -0.915527,      1041
  5.700,0,   0.072754,   1.807617,  -0.781738,   0.012695,   1.833984,  -0.918945,      1042
  5.700,0,   0.086426,   1.813477,  -0.769531,   0.047363,   1.832520,  -0.908691,      1043
  5.680,0,   0.090820,   1.823730,  -0.769043,   0.058594,   1.828125,  -0.896973,      1044
  5.680,0,   0.098633,   1.801758,  -0.765625,   0.032715,   1.806641,  -0.895508,      1045
