Sampling freqeuncy: 500 Hz
accel bias x: 1.963197|accel bias y: -0.000000|accel bias z: -0.000000
 -0.180,0,   0.054199,   1.822266,  -0.804199,  -0.002441,   1.831055,  -0.971680,         1
 -0.180,0,   0.039551,   1.825684,  -0.831543,   0.031250,   1.839844,  -0.943359,         2
 -0.180,0,   0.048340,   1.832031,  -0.830078,   0.015625,   1.846191,  -0.955566,         3
 -0.180,0,   0.043945,   1.823730,  -0.826172,   0.020020,   1.843262,  -0.962891,         4
 -0.180,0,   0.067871,   1.829590,  -0.831055,  -0.028809,   1.835938,  -0.951172,         5
 -0.180,0,   0.037109,   1.823242,  -0.802734,  -0.005859,   1.834961,  -0.966797,         6
 -0.180,0,   0.053711,   1.821289,  -0.796387,   0.000000,   1.839844,  -0.965332,         7
 -0.180,0,   0.034668,   1.823730,  -0.828125,   0.017090,   1.832520,  -0.944824,         8
 -0.180,0,   0.032227,   1.819824,  -0.819824,  -0.008789,   1.831543,  -0.960938,         9
 -0.180,0,   0.042969,   1.829590,  -0.810547,  -0.004395,   1.822266,  -0.949707,        10
 -0.180,0,   0.041992,   1.821289,  -0.802246,   0.007324,   1.840820,  -0.970703,        11
 -0.180,0,   0.041504,   1.817871,  -0.796875,   0.021973,   1.834961,  -0.937012,        12
 -0.180,0,   0.048340,   1.802734,  -0.816895,   0.009766,   1.824707,  -0.974609,        13
 -0.180,0,   0.045898,   1.816895,  -0.816406,  -0.012207,   1.822754,  -0.956055,        14
 -0.180,0,   0.058594,   1.820312,  -0.802734,  -0.006836,   1.819336,  -0.937012,        15
 -0.180,0,   0.056641,   1.816406,  -0.818359,   0.027832,   1.826172,  -0.960938,        16
 -0.180,0,   0.061523,   1.826172,  -0.806641,   0.043945,   1.831055,  -0.946777,        17
 -0.180,0,   0.063965,   1.821289,  -0.809082,   0.037598,   1.828125,  -0.948730,        18
 -0.180,0,   0.064941,   1.808105,  -0.812500,   0.010254,   1.839355,  -0.956055,        19
 -0.180,0,   0.062500,   1.825195,  -0.812988,   0.012695,   1.839844,  -0.957031,        20
 -0.180,0,   0.072266,   1.819336,  -0.813477,   0.021484,   1.846680,  -0.955566,        21
 -0.180,0,   0.075195,   1.830566,  -0.794434,   0.029785,   1.835449,  -0.932617,        22
 -0.180,0,   0.064941,   1.820312,  -0.807617,   0.009277,   1.843750,  -0.953125,        23
 -0.180,0,   0.056152,   1.830078,  -0.816895,  -0.008301,   1.841797,  -0.963379,        24
 -0.180,0,   0.059570,   1.830078,  -0.806152,   0.026855,   1.847168,  -0.956543,        25
 -0.180,0,   0.077148,   1.837891,  -0.798340,   0.043457,   1.855469,  -0.937012,        26
 -0.180,0,   0.064941,   1.814941,  -0.804688,   0.041992,   1.837402,  -0.947754,        27
 -0.180,0,   0.072266,   1.829590,  -0.799805,  -0.003418,   1.834961,  -0.934570,        28
 -0.180,0,   0.067383,   1.829102,  -0.809570,   0.002930,   1.834961,  -0.936523,        29
 -0.180,0,   0.073242,   1.831543,  -0.798340,   0.036133,   1.847656,  -0.954102,        30
 -0.180,0,   0.078613,   1.818359,  -0.801758,   0.044434,   1.848145,  -0.934082,        31
 -0.180,0,   0.073730,   1.816406,  -0.793457,   0.021973,   1.839844,  -0.947266,        32
 -0.180,0,   0.084961,   1.812012,  -0.812988,   0.016113,   1.823242,  -0.945312,        33
 -0.180,0,   0.083496,   1.819824,  -0.814453,   0.024902,   1.843750,  -0.926270,        34
 -0.180,0,   0.068359,   1.818848,  -0.786133,   0.023438,   1.838867,  -0.937012,        35
 -0.180,0,   0.070801,   1.828125,  -0.790527,   0.041016,   1.844727,  -0.938965,        36
 -0.180,0,   0.067871,   1.813965,  -0.792480,   0.001465,   1.829102,  -0.939941,        37
 -0.180,0,   0.058105,   1.818359,  -0.807617,  -0.008789,   1.830566,  -0.951660,        38
 -0.180,0,   0.063477,   1.822754,  -0.788086,  -0.004883,   1.826660,  -0.947266,        39
 -0.180,0,   0.060547,   1.822754,  -0.806641,   0.021973,   1.839355,  -0.934082,        40
 -0.180,0,   0.073730,   1.827148,  -0.784668,   0.025391,   1.842773,  -0.926758,        41
 -0.180,0,   0.060547,   1.822266,  -0.789551,  -0.013672,   1.824707,  -0.946289,        42
 -0.180,0,   0.062988,   1.825195,  -0.794922,  -0.004883,   1.833496,  -0.946289,        43
 -0.180,0,   0.077637,   1.821777,  -0.798340,   0.001465,   1.844727,  -0.932129,        44
 -0.180,0,   0.052734,   1.824219,  -0.804688,   0.027832,   1.854004,  -0.932617,        45
 -0.180,0,   0.065918,   1.824707,  -0.805664,   0.011719,   1.827148,  -0.935059,        46
 -0.180,0,   0.072266,   1.836914,  -0.778809,   0.000000,   1.833496,  -0.965332,        47
 -0.180,0,   0.068359,   1.826660,  -0.795410,   0.017090,   1.841309,  -0.935059,        48
 -0.180,0,   0.076660,   1.832520,  -0.794434,   0.030273,   1.839844,  -0.939941,        49
 -0.180,0,   0.065430,   1.829102,  -0.795898,   0.022949,   1.854004,  -0.935547,        50
 -0.180,0,   0.078613,   1.834473,  -0.799805,  -0.008789,   1.831543,  -0.944824,        51
 -0.180,0,   0.085449,   1.818848,  -0.813965,  -0.009766,   1.850586,  -0.941895,        52
 -0.180,0,   0.078125,   1.830566,  -0.791504,  -0.004883,   1.837891,  -0.949707,        53
 -0.180,0,   0.057129,   1.833496,  -0.800293,   0.030273,   1.835938,  -0.937012,        54
 -0.180,0,   0.050293,   1.822266,  -0.819824,   0.022949,   1.853516,  -0.940430,        55
 -0.180,0,   0.060547,   1.825684,  -0.784668,  -0.013184,   1.842773,  -0.939453,        56
 -0.180,0,   0.053223,   1.831543,  -0.805176,   0.002930,   1.846680,  -0.937988,        57
 -0.180,0,   0.055664,   1.833984,  -0.813965,   0.005371,   1.852539,  -0.951660,        58
 -0.180,0,   0.062012,   1.840820,  -0.801270,   0.015625,   1.837402,  -0.951172,        59
 -0.180,0,   0.053711,   1.829102,  -0.796875,  -0.006348,   1.831543,  -0.945801,        60
 -0.180,0,   0.056641,   1.812988,  -0.797852,  -0.001953,   1.825684,  -0.948242,        61
 -0.180,0,   0.079590,   1.829590,  -0.792480,   0.025879,   1.851074,  -0.943848,        62
 -0.180,0,   0.065918,   1.829102,  -0.795410,   0.032227,   1.843262,  -0.952148,        63
 -0.180,0,   0.068359,   1.823730,  -0.815918,   0.037109,   1.843262,  -0.942383,        64
 -0.180,0,   0.083008,   1.827637,  -0.801270,  -0.001953,   1.840332,  -0.932617,        65
 -0.180,0,   0.072266,   1.829590,  -0.797363,  -0.016113,   1.829590,  -0.945312,        66
 -0.180,0,   0.068359,   1.830078,  -0.815430,   0.000977,   1.837891,  -0.952148,        67
 -0.180,0,   0.070312,   1.826660,  -0.801270,   0.022461,   1.843262,  -0.932617,        68
 -0.180,0,   0.066406,   1.820801,  -0.815918,   0.021973,   1.837891,  -0.929688,        69
 -0.180,0,   0.067383,   1.829102,  -0.795410,   0.001953,   1.838867,  -0.952148,        70
 -0.180,0,   0.065430,   1.815430,  -0.810059,   0.007324,   1.848145,  -0.916016,        71
 -0.180,0,   0.065430,   1.820801,  -0.794434,   0.020996,   1.851074,  -0.941895,        72
 -0.180,0,   0.066895,   1.819824,  -0.782227,   0.014648,   1.830566,  -0.947754,        73
 -0.180,0,   0.078125,   1.821777,  -0.780273,  -0.003418,   1.824219,  -0.948730,        74
 -0.180,0,   0.061523,   1.832031,  -0.797363,  -0.012207,   1.824707,  -0.931152,        75
 -0.180,0,   0.045410,   1.795898,  -0.776367,   0.020508,   1.814453,  -0.916504,        76
 -0.180,0,   0.079590,   1.811523,  -0.767578,   0.045410,   1.850098,  -0.930664,        77
 -0.180,0,   0.076172,   1.834473,  -0.789062,   0.019531,   1.833496,  -0.932129,        78
 -0.180,0,   0.064453,   1.806152,  -0.775879,  -0.012207,   1.817383,  -0.889160,        79
 -0.180,0,   0.068848,   1.819336,  -0.750977,   0.010742,   1.826660,  -0.889648,        80
 -0.180,0,   0.072754,   1.803223,  -0.767578,   0.051758,   1.829590,  -0.897461,        81
 -0.180,0,   0.083984,   1.804688,  -0.747070,   0.075684,   1.841309,  -0.902344,        82
 -0.180,0,   0.114258,   1.832031,  -0.756348,   0.028320,   1.826172,  -0.875977,        83
 -0.180,0,   0.084473,   1.815918,  -0.707031,   0.009277,   1.820801,  -0.826172,        84
 -0.180,0,   0.082031,   1.811035,  -0.687988,   0.056152,   1.830078,  -0.810059,        85
 -0.180,0,   0.122559,   1.804199,  -0.712402,   0.116211,   1.840820,  -0.860840,        86
 -0.180,0,   0.165039,   1.806152,  -0.710449,   0.129395,   1.837891,  -0.890625,        87
 -0.180,0,   0.174805,   1.837891,  -0.706055,   0.113281,   1.860352,  -0.895996,        88
 -0.200,0,   0.184570,   1.885742,  -0.726074,   0.059082,   1.874512,  -0.907227,        89
 -0.200,0,   0.194336,   1.871094,  -0.718750,   0.101562,   1.886719,  -0.874023,        90
 -0.200,0,   0.219727,   1.860840,  -0.721191,   0.136230,   1.887207,  -0.855957,        91
 -0.200,0,   0.240234,   1.863281,  -0.748047,   0.111328,   1.879395,  -0.862305,        92
 -0.200,0,   0.238281,   1.875977,  -0.736816,   0.119629,   1.886230,  -0.860352,        93
 -0.200,0,   0.223633,   1.881836,  -0.716797,   0.136230,   1.891602,  -0.883789,        94
 -0.200,0,   0.201172,   1.882324,  -0.715332,   0.146973,   1.895996,  -0.877930,        95
 -0.200,0,   0.164551,   1.876465,  -0.713867,   0.135742,   1.891113,  -0.887207,        96
 -0.200,0,   0.186523,   1.877441,  -0.727051,   0.118164,   1.875000,  -0.906738,        97
 -0.200,0,   0.192871,   1.879883,  -0.743652,   0.105957,   1.891113,  -0.892090,        98
 -0.200,0,   0.170898,   1.874023,  -0.741699,   0.121582,   1.902344,  -0.885742,        99
 -0.200,0,   0.170410,   1.865234,  -0.755859,   0.124512,   1.887695,  -0.884766,       100
 -0.200,0,   0.153809,   1.865234,  -0.751465,   0.086914,   1.870605,  -0.875488,       101
 -0.200,0,   0.160156,   1.863281,  -0.739746,   0.086426,   1.858887,  -0.871094,       102
 -0.200,0,   0.145996,   1.856445,  -0.747070,   0.090332,   1.850586,  -0.891113,       103
 -0.200,0,   0.125488,   1.850098,  -0.716797,   0.140625,   1.866211,  -0.880859,       104
 -0.200,0,   0.125977,   1.839844,  -0.733398,   0.125977,   1.855469,  -0.872070,       105
 -0.200,0,   0.131836,   1.827148,  -0.738770,   0.089355,   1.831543,  -0.881836,       106
 -0.200,0,   0.118164,   1.819824,  -0.734375,   0.041016,   1.832520,  -0.882812,       107
 -0.200,0,   0.109863,   1.811523,  -0.749023,   0.054199,   1.835449,  -0.883789,       108
 -0.200,0,   0.128418,   1.812988,  -0.757324,   0.073730,   1.833008,  -0.902832,       109
 -0.200,0,   0.119629,   1.816406,  -0.761719,   0.074219,   1.818359,  -0.877930,       110
 -0.200,0,   0.126465,   1.802246,  -0.743652,   0.069824,   1.801270,  -0.890625,       111
 -0.200,0,   0.116211,   1.791504,  -0.767090,   0.080566,   1.814941,  -0.897461,       112
 -0.200,0,   0.114258,   1.787109,  -0.750000,   0.094727,   1.807617,  -0.911621,       113
 -0.200,0,   0.098145,   1.780762,  -0.766113,   0.103027,   1.806152,  -0.888184,       114
 -0.200,0,   0.114746,   1.788574,  -0.760742,   0.071289,   1.802246,  -0.894043,       115
 -0.200,0,   0.120605,   1.803223,  -0.764160,   0.063477,   1.796387,  -0.903809,       116
 -0.200,0,   0.122559,   1.791504,  -0.773438,   0.084473,   1.823242,  -0.896973,       117
 -0.200,0,   0.131348,   1.808105,  -0.762207,   0.100586,   1.832520,  -0.905273,       118
 -0.200,0,   0.135742,   1.806641,  -0.784180,   0.104004,   1.840332,  -0.914551,       119
 -0.200,0,   0.126465,   1.835938,  -0.792480,   0.074219,   1.831543,  -0.931641,       120
 -0.200,0,   0.139648,   1.835449,  -0.775391,   0.083496,   1.841797,  -0.922363,       121
 -0.200,0,   0.121582,   1.849609,  -0.789062,   0.124023,   1.861328,  -0.919922,       122
 -0.200,0,   0.123535,   1.850586,  -0.801758,   0.136230,   1.856934,  -0.959473,       123
 -0.200,0,   0.123535,   1.860840,  -0.787109,   0.154785,   1.860840,  -0.935547,       124
 -0.200,0,   0.130371,   1.872070,  -0.809570,   0.124512,   1.888672,  -0.935547,       125
 -0.200,0,   0.143066,   1.875977,  -0.822754,   0.110840,   1.893555,  -0.945312,       126
 -0.200,0,   0.123535,   1.871094,  -0.813477,   0.148926,   1.901855,  -0.929199,       127
 -0.200,0,   0.145508,   1.881836,  -0.805664,   0.113770,   1.900391,  -0.925781,       128
 -0.200,0,   0.159180,   1.878418,  -0.805176,   0.121094,   1.882812,  -0.963867,       129
 -0.200,0,   0.145508,   1.870605,  -0.808105,   0.101074,   1.900391,  -0.968262,       130
 -0.200,0,   0.169922,   1.870605,  -0.780273,   0.142090,   1.901855,  -0.927734,       131
 -0.200,0,   0.137207,   1.856934,  -0.795410,   0.160156,   1.882324,  -0.947266,       132
 -0.200,0,   0.126465,   1.847168,  -0.734863,   0.077148,   1.854492,  -0.869629,       133
 -0.200,0,   0.152344,   1.846191,  -0.818848,   0.117676,   1.856934,  -0.926758,       134
 -0.200,0,   0.145020,   1.828125,  -0.749023,   0.159668,   1.852539,  -0.958496,       135
 -0.200,0,   0.156738,   1.830566,  -0.737793,   0.140137,   1.863770,  -0.877930,       136
 -0.200,0,   0.175781,   1.824707,  -0.759766,   0.127930,   1.822754,  -0.921875,       137
 -0.200,0,   0.180664,   1.801758,  -0.759766,   0.144043,   1.820801,  -0.910645,       138
 -0.200,0,   0.176758,   1.828613,  -0.757812,   0.114746,   1.830078,  -0.892090,       139
 -0.200,0,   0.191895,   1.818848,  -0.779297,   0.140625,   1.825684,  -0.936035,       140
 -0.200,0,   0.181152,   1.826172,  -0.802734,   0.097656,   1.839844,  -0.822754,       141
 -0.200,0,   0.146973,   1.840820,  -0.809570,   0.131348,   1.835938,  -0.955078,       142
 -0.200,0,   0.159180,   1.801758,  -0.744141,   0.139160,   1.795410,  -0.893066,       143
 -0.200,0,   0.138184,   1.798340,  -0.763184,   0.131348,   1.823242,  -0.863770,       144
 -0.200,0,   0.136719,   1.811035,  -0.772949,   0.199219,   1.808594,  -0.914551,       145
 -0.200,0,   0.161133,   1.809570,  -0.802246,   0.092773,   1.817871,  -0.816406,       146
 -0.200,0,   0.159668,   1.831055,  -0.809570,   0.147461,   1.847656,  -0.933594,       147
 -0.200,0,   0.103027,   1.782227,  -0.669434,   0.108398,   1.810547,  -0.904297,       148
 -0.200,0,   0.067871,   1.837891,  -0.623535,   0.069824,   1.876953,  -0.801270,       149
 -0.200,0,   0.177734,   1.872559,  -0.805176,   0.093262,   1.860840,  -0.893555,       150
 -0.200,0,   0.164551,   1.822266,  -0.725586,   0.172852,   1.849121,  -0.902832,       151
 -0.200,0,   0.173828,   1.885742,  -0.725098,   0.117188,   1.888184,  -0.835449,       152
 -0.200,0,   0.194824,   1.861328,  -0.807129,   0.093750,   1.833496,  -0.954590,       153
 -0.200,0,   0.208984,   1.851074,  -0.711426,   0.215820,   1.895996,  -0.890625,       154
 -0.200,0,   0.186035,   1.898438,  -0.781250,   0.184570,   1.912109,  -0.877441,       155
 -0.200,0,   0.209961,   1.865723,  -0.764160,   0.129883,   1.872070,  -0.957031,       156
 -0.200,0,   0.198242,   1.896973,  -0.723145,   0.150391,   1.903320,  -0.865234,       157
 -0.200,0,   0.195801,   1.892578,  -0.739746,   0.125488,   1.884766,  -0.923340,       158
 -0.200,0,   0.158691,   1.874512,  -0.724121,   0.087891,   1.900391,  -0.905273,       159
 -0.220,0,   0.172852,   1.901855,  -0.723145,   0.161133,   1.918945,  -0.891602,       160
 -0.220,0,   0.139160,   1.875488,  -0.727539,   0.121094,   1.865723,  -0.894043,       161
 -0.220,0,   0.144043,   1.857910,  -0.694336,   0.085938,   1.889648,  -0.846680,       162
 -0.220,0,   0.135742,   1.877930,  -0.711426,   0.115234,   1.906250,  -0.835938,       163
 -0.220,0,   0.136719,   1.849609,  -0.698242,   0.128906,   1.872070,  -0.851562,       164
 -0.220,0,   0.129883,   1.868164,  -0.706543,   0.089844,   1.884277,  -0.803223,       165
 -0.220,0,   0.134766,   1.867676,  -0.691406,   0.113770,   1.865723,  -0.823242,       166
 -0.220,0,   0.145020,   1.844727,  -0.685059,   0.088867,   1.857422,  -0.801758,       167
 -0.220,0,   0.166992,   1.863770,  -0.664062,   0.126953,   1.885742,  -0.801758,       168
 -0.220,0,   0.168945,   1.861328,  -0.659668,   0.141602,   1.861816,  -0.814453,       169
 -0.220,0,   0.165527,   1.865234,  -0.687988,   0.138672,   1.865234,  -0.810547,       170
 -0.220,0,   0.177246,   1.858398,  -0.690918,   0.103516,   1.858887,  -0.801270,       171
 -0.220,0,   0.195312,   1.853027,  -0.704590,   0.120605,   1.841309,  -0.826172,       172
 -0.220,0,   0.184570,   1.832031,  -0.680176,   0.163574,   1.859863,  -0.816895,       173
 -0.220,0,   0.186523,   1.822754,  -0.687012,   0.157227,   1.841309,  -0.835449,       174
 -0.220,0,   0.199707,   1.839355,  -0.721680,   0.147949,   1.831055,  -0.859375,       175
 -0.220,0,   0.190430,   1.821289,  -0.699219,   0.146484,   1.844238,  -0.853027,       176
 -0.220,0,   0.201660,   1.837402,  -0.705078,   0.150391,   1.841797,  -0.873535,       177
 -0.220,0,   0.193359,   1.821777,  -0.716797,   0.162109,   1.847168,  -0.889160,       178
 -0.220,0,   0.184082,   1.832520,  -0.714844,   0.133301,   1.849609,  -0.898926,       179
 -0.220,0,   0.189941,   1.839355,  -0.736328,   0.117188,   1.849121,  -0.933594,       180
 -0.220,0,   0.169922,   1.850586,  -0.755859,   0.128906,   1.873047,  -0.909668,       181
 -0.220,0,   0.162598,   1.854980,  -0.764160,   0.154297,   1.887207,  -0.892090,       182
 -0.220,0,   0.163086,   1.865234,  -0.743652,   0.177246,   1.866211,  -0.884766,       183
 -0.220,0,   0.154297,   1.853027,  -0.746094,   0.144043,   1.863770,  -0.882324,       184
 -0.220,0,   0.133301,   1.865234,  -0.740234,   0.116699,   1.894531,  -0.883789,       185
 -0.220,0,   0.125488,   1.880859,  -0.743164,   0.104492,   1.916504,  -0.876465,       186
 -0.220,0,   0.119629,   1.888672,  -0.738281,   0.116211,   1.930664,  -0.866211,       187
 -0.220,0,   0.110840,   1.892578,  -0.751465,   0.107910,   1.902832,  -0.892578,       188
 -0.220,0,   0.113770,   1.896484,  -0.762695,   0.092773,   1.899414,  -0.872070,       189
 -0.220,0,   0.139160,   1.901855,  -0.742676,   0.113770,   1.914551,  -0.877441,       190
 -0.220,0,   0.138672,   1.893066,  -0.760742,   0.111328,   1.898926,  -0.893066,       191
 -0.220,0,   0.145508,   1.873535,  -0.744629,   0.081055,   1.889160,  -0.869629,       192
 -0.220,0,   0.124512,   1.851074,  -0.713867,   0.030762,   1.852539,  -0.874512,       193
 -0.220,0,   0.114746,   1.831543,  -0.731934,   0.028320,   1.833496,  -0.881348,       194
 -0.220,0,   0.116699,   1.827637,  -0.723633,   0.093262,   1.849609,  -0.896484,       195
 -0.220,0,   0.131836,   1.835449,  -0.719238,   0.103027,   1.848145,  -0.890625,       196
 -0.220,0,   0.137695,   1.817383,  -0.718262,   0.111328,   1.824219,  -0.891113,       197
 -0.220,0,   0.140625,   1.802246,  -0.723145,   0.050293,   1.805664,  -0.888672,       198
 -0.220,0,   0.144043,   1.815918,  -0.740234,   0.010742,   1.828613,  -0.886719,       199
 -0.220,0,   0.131348,   1.833008,  -0.740234,   0.008789,   1.837891,  -0.879395,       200
 -0.220,0,   0.139648,   1.829590,  -0.766602,   0.041992,   1.828613,  -0.892578,       201
 -0.220,0,   0.123047,   1.803223,  -0.768555,   0.078613,   1.814453,  -0.886719,       202
 -0.220,0,   0.129883,   1.812988,  -0.750000,   0.104980,   1.813477,  -0.882324,       203
 -0.220,0,   0.121094,   1.820312,  -0.761230,   0.112305,   1.848145,  -0.895996,       204
 -0.220,0,   0.114746,   1.832520,  -0.758789,   0.103027,   1.866211,  -0.891113,       205
 -0.220,0,   0.114258,   1.849121,  -0.770508,   0.090332,   1.859375,  -0.913086,       206
 -0.220,0,   0.098633,   1.838867,  -0.784180,   0.057617,   1.837891,  -0.891113,       207
 -0.220,0,   0.111328,   1.851074,  -0.774414,   0.071289,   1.865723,  -0.890625,       208
 -0.220,0,   0.117188,   1.861816,  -0.779785,   0.120117,   1.873535,  -0.904297,       209
 -0.220,0,   0.106445,   1.871094,  -0.767578,   0.112305,   1.892578,  -0.908691,       210
 -0.220,0,   0.104492,   1.878906,  -0.768555,   0.116211,   1.893555,  -0.895508,       211
 -0.220,0,   0.108398,   1.880371,  -0.736328,   0.077148,   1.869629,  -0.916016,       212
 -0.220,0,   0.115234,   1.869141,  -0.761230,   0.092773,   1.882324,  -0.906250,       213
 -0.220,0,   0.143555,   1.877441,  -0.759766,   0.121582,   1.890137,  -0.917969,       214
 -0.220,0,   0.175781,   1.864746,  -0.780273,   0.150879,   1.870605,  -0.939941,       215
 -0.220,0,   0.196777,   1.853027,  -0.784668,   0.135254,   1.874023,  -0.957520,       216
 -0.220,0,   0.215820,   1.846680,  -0.797852,   0.155273,   1.851562,  -0.967773,       217
 -0.220,0,   0.240723,   1.831543,  -0.818848,   0.186523,   1.843262,  -1.032715,       218
 -0.220,0,   0.254883,   1.794922,  -0.909180,   0.237305,   1.818359,  -1.101074,       219
 -0.220,0,   0.240723,   1.763184,  -0.891602,   0.193848,   1.804688,  -1.116699,       220
 -0.220,0,   0.230957,   1.796387,  -0.861816,   0.150879,   1.813965,  -0.994629,       221
 -0.220,0,   0.213379,   1.788574,  -0.869629,   0.117188,   1.802734,  -0.993652,       222
 -0.220,0,   0.169434,   1.756836,  -0.879395,   0.139648,   1.794434,  -1.019531,       223
 -0.220,0,   0.125977,   1.784180,  -0.866699,   0.119629,   1.808594,  -0.970703,       224
 -0.220,0,   0.090332,   1.798828,  -0.837891,   0.112793,   1.807617,  -0.984375,       225
 -0.220,0,   0.057617,   1.789062,  -0.846191,   0.092773,   1.805176,  -0.991211,       226
 -0.220,0,   0.045898,   1.782715,  -0.836914,   0.084473,   1.809570,  -0.973633,       227
 -0.220,0,   0.029297,   1.785156,  -0.806152,   0.064453,   1.824707,  -0.924316,       228
 -0.220,0,   0.044922,   1.817383,  -0.825684,   0.013184,   1.820312,  -0.928223,       229
 -0.220,0,   0.020508,   1.836914,  -0.818848,  -0.025879,   1.821289,  -0.869629,       230
 -0.220,0,   0.034668,   1.822754,  -0.764160,  -0.026855,   1.841797,  -0.808594,       231
 -0.220,0,   0.005371,   1.800293,  -0.729492,  -0.042969,   1.829590,  -0.697754,       232
 -0.220,0,  -0.054688,   1.772949,  -0.629883,   0.021973,   1.817871,  -0.638672,       233
 -0.220,0,  -0.007812,   1.810547,  -0.567383,  -0.017578,   1.819824,  -0.648926,       234
 -0.220,0,  -0.000977,   1.814941,  -0.555664,  -0.010254,   1.804688,  -0.752930,       235
 -0.220,0,   0.032227,   1.827637,  -0.568848,  -0.003418,   1.834961,  -0.781250,       236
 -0.240,0,   0.148438,   1.856445,  -0.611816,   0.047363,   1.863281,  -0.874512,       237
 -0.240,0,   0.182129,   1.819336,  -0.623535,   0.064453,   1.813965,  -0.826660,       238
 -0.240,0,   0.232910,   1.819336,  -0.635742,   0.038086,   1.828613,  -0.872559,       239
 -0.240,0,   0.341309,   1.822266,  -0.684082,   0.076172,   1.827637,  -0.810059,       240
 -0.240,0,   0.353027,   1.822754,  -0.693359,   0.136719,   1.843262,  -0.876953,       241
 -0.240,0,   0.312012,   1.822754,  -0.685059,   0.169922,   1.841797,  -0.854980,       242
 -0.260,0,   0.328613,   1.839844,  -0.730469,   0.230469,   1.827637,  -0.945312,       243
 -0.260,0,   0.295410,   1.850586,  -0.719727,   0.241211,   1.856934,  -0.963379,       244
 -0.260,0,   0.276855,   1.876465,  -0.721680,   0.262207,   1.887695,  -1.004883,       245
 -0.260,0,   0.256348,   1.853027,  -0.761719,   0.253418,   1.888184,  -0.986328,       246
 -0.260,0,   0.245605,   1.882812,  -0.807129,   0.208984,   1.923340,  -0.955078,       247
 -0.260,0,   0.236328,   1.880371,  -0.818848,   0.144043,   1.905762,  -0.958008,       248
 -0.260,0,   0.236328,   1.898926,  -0.896973,   0.164551,   1.904297,  -0.959961,       249
 -0.260,0,   0.228516,   1.896973,  -0.862793,   0.211914,   1.922363,  -0.969727,       250
 -0.260,0,   0.242188,   1.891602,  -0.868164,   0.270020,   1.919434,  -0.962891,       251
 -0.260,0,   0.221191,   1.875000,  -0.898926,   0.289062,   1.892578,  -1.006836,       252
 -0.260,0,   0.208008,   1.863770,  -0.923340,   0.275391,   1.879395,  -0.987793,       253
 -0.260,0,   0.224609,   1.836914,  -0.901367,   0.268555,   1.863770,  -1.028320,       254
 -0.260,0,   0.218262,   1.825684,  -0.904297,   0.219727,   1.849609,  -1.024414,       255
 -0.260,0,   0.211914,   1.816406,  -0.915527,   0.189453,   1.831055,  -1.030762,       256
 -0.260,0,   0.192383,   1.799805,  -0.907715,   0.118164,   1.797852,  -1.016113,       257
 -0.260,0,   0.160156,   1.780273,  -0.915039,   0.017090,   1.771484,  -1.032227,       258
 -0.260,0,   0.125977,   1.758789,  -0.884277,   0.043457,   1.770508,  -1.008301,       259
 -0.260,0,   0.094238,   1.743164,  -0.867676,   0.031738,   1.761719,  -1.029785,       260
 -0.260,0,   0.050293,   1.717285,  -0.848145,   0.014648,   1.726074,  -1.019531,       261
 -0.260,0,   0.005859,   1.713867,  -0.826660,  -0.018066,   1.709961,  -0.999512,       262
 -0.260,0,  -0.027344,   1.667480,  -0.805176,  -0.038086,   1.691895,  -0.962402,       263
 -0.260,0,  -0.020020,   1.685547,  -0.831055,   1.707520,  -0.958984,  -0.560547,       264
 -0.260,0,  -0.008789,   1.700684,  -0.812500,  -0.050293,   1.713867,  -0.965332,       265
 -0.260,0,   0.019043,   1.708496,  -0.810059,  -0.059570,   1.743652,  -0.955566,       266
 -0.260,0,   0.049316,   1.734863,  -0.820312,  -0.063477,   1.765137,  -0.970703,       267
 -0.260,0,   0.086426,   1.773926,  -0.819824,  -0.056641,   1.775391,  -0.937012,       268
 -0.280,0,   0.104980,   1.774902,  -0.809082,  -0.019531,   1.804688,  -0.948730,       269
 -0.280,0,   0.125488,   1.807129,  -0.815430,   0.019531,   1.836426,  -0.936035,       270
 -0.280,0,   0.114746,   1.827637,  -0.804688,   0.047363,   1.849121,  -0.943848,       271
 -0.280,0,   0.135742,   1.839355,  -0.811035,   0.044434,   1.838379,  -0.939941,       272
 -0.280,0,   0.140137,   1.843262,  -0.801758,   0.092773,   1.853516,  -0.918945,       273
 -0.280,0,   0.136230,   1.842285,  -0.787598,   0.107910,   1.866699,  -0.929199,       274
 -0.280,0,   0.129395,   1.865234,  -0.791016,   0.125977,   1.872070,  -0.962891,       275
 -0.280,0,   0.128906,   1.870605,  -0.809082,   0.079102,   1.892578,  -0.960938,       276
 -0.280,0,   0.133789,   1.870605,  -0.781250,   0.061523,   1.878906,  -0.961914,       277
 -0.280,0,   0.126953,   1.870117,  -0.795898,   0.096680,   1.883301,  -0.968750,       278
 -0.280,0,   0.149902,   1.854980,  -0.787598,   0.126953,   1.866211,  -0.955078,       279
 -0.280,0,   0.169434,   1.845215,  -0.811035,   0.150879,   1.860352,  -0.975098,       280
 -0.280,0,   0.202637,   1.836914,  -0.824219,   0.171875,   1.828125,  -0.971191,       281
 -0.280,0,   0.227051,   1.798828,  -0.815430,   0.202637,   1.813965,  -0.962402,       282
 -0.280,0,   0.253418,   1.791504,  -0.839355,   0.259277,   1.804199,  -0.951172,       283
 -0.280,0,   0.305176,   1.768066,  -0.821777,   0.297363,   1.785645,  -0.958496,       284
 -0.280,0,   0.313477,   1.762207,  -0.816895,   0.267090,   1.782715,  -0.964844,       285
 -0.280,0,   0.359375,   1.768066,  -0.823730,   0.262695,   1.779297,  -0.967285,       286
 -0.280,0,   0.372559,   1.784180,  -0.822266,   0.245117,   1.792969,  -0.956543,       287
 -0.280,0,   0.350586,   1.774414,  -0.820801,   0.237793,   1.801270,  -0.958008,       288
 -0.280,0,   0.342773,   1.771973,  -0.809570,   0.248047,   1.784180,  -0.943848,       289
 -0.280,0,   0.300293,   1.783691,  -0.808105,   0.213867,   1.801270,  -0.923828,       290
 -0.280,0,   0.271484,   1.792480,  -0.782715,   0.174805,   1.805176,  -0.925781,       291
 -0.280,0,   0.223145,   1.805176,  -0.764648,   0.189453,   1.815430,  -0.928223,       292
 -0.280,0,   0.176270,   1.813477,  -0.773926,   0.171387,   1.817383,  -0.911621,       293
 -0.280,0,   0.149414,   1.814453,  -0.762695,   0.140625,   1.841797,  -0.923828,       294
 -0.280,0,   0.136230,   1.822754,  -0.772461,   0.084473,   1.842773,  -0.942383,       295
 -0.280,0,   0.110352,   1.831543,  -0.800781,   0.072266,   1.846191,  -0.951172,       296
 -0.280,0,   0.105957,   1.826660,  -0.814941,   0.094238,   1.856934,  -0.959473,       297
 -0.280,0,   0.112793,   1.836914,  -0.810547,   0.082031,   1.854004,  -0.976074,       298
 -0.280,0,   0.129395,   1.832520,  -0.856934,   0.082520,   1.841309,  -0.993164,       299
 -0.280,0,   0.124512,   1.826172,  -0.850098,   0.062988,   1.841309,  -0.981445,       300
 -0.280,0,   0.151367,   1.807617,  -0.869629,   0.083984,   1.831055,  -0.993164,       301
 -0.280,0,   0.158203,   1.799316,  -0.888184,   0.106934,   1.812988,  -1.016602,       302
 -0.280,0,   0.157227,   1.800293,  -0.905762,   0.114746,   1.796387,  -1.002441,       303
 -0.280,0,   0.158691,   1.766602,  -0.884766,   0.106445,   1.782715,  -1.034668,       304
 -0.280,0,   0.145508,   1.761230,  -0.871094,   0.087891,   1.768555,  -1.033203,       305
 -0.280,0,   0.132812,   1.754883,  -0.891113,   0.087402,   1.759766,  -1.029297,       306
 -0.280,0,   0.113281,   1.741211,  -0.882324,   0.089844,   1.774414,  -1.007324,       307
 -0.280,0,   0.090332,   1.732422,  -0.877441,   0.080566,   1.766113,  -1.000977,       308
 -0.280,0,   0.067383,   1.753906,  -0.854004,   0.013184,   1.765625,  -0.984863,       309
 -0.280,0,   0.056152,   1.764160,  -0.845703,   0.013184,   1.768066,  -0.990234,       310
 -0.280,0,   0.039551,   1.767090,  -0.846191,   0.028809,   1.775879,  -0.991211,       311
 -0.280,0,   0.027832,   1.779785,  -0.819336,   0.058105,   1.798828,  -0.997070,       312
 -0.280,0,   0.046387,   1.783203,  -0.844238,   3.250000,   0.000000,   0.000000,       313
 -0.280,0,   0.075195,   1.786621,  -0.830566,   0.061035,   1.804688,  -0.999023,       314
 -0.280,0,   0.091797,   1.809082,  -0.837891,   0.091797,   1.825195,  -0.973633,       315
 -0.280,0,   0.125488,   1.827148,  -0.833984,   0.116699,   1.838867,  -0.989258,       316
 -0.280,0,   0.162109,   1.833496,  -0.871582,   0.151367,   1.859863,  -1.005371,       317
 -0.280,0,   0.180664,   1.834473,  -0.846680,   0.119141,   1.840820,  -1.003418,       318
 -0.280,0,   0.203613,   1.838379,  -0.874023,   0.105469,   1.838867,  -1.001465,       319
 -0.280,0,   0.210449,   1.840820,  -0.872559,   0.115723,   1.851074,  -0.987793,       320
 -0.280,0,   0.206543,   1.835938,  -0.870605,   0.162598,   1.844727,  -0.987305,       321
 -0.280,0,   0.185547,   1.817383,  -0.875488,   0.161621,   1.848633,  -0.986328,       322
 -0.280,0,   0.181641,   1.806152,  -0.879883,   0.110352,   1.816895,  -0.998047,       323
 -0.280,0,   0.168457,   1.809570,  -0.844727,   0.110352,   1.828125,  -0.978516,       324
 -0.280,0,   0.152344,   1.797852,  -0.860352,   0.114746,   1.821777,  -0.978027,       325
 -0.280,0,   0.127441,   1.801270,  -0.848145,   0.124512,   1.823730,  -0.998047,       326
 -0.280,0,   0.126465,   1.801270,  -0.846191,   0.089844,   1.821289,  -1.001465,       327
 -0.280,0,   0.121582,   1.806152,  -0.874023,   0.052246,   1.809570,  -1.020508,       328
 -0.280,0,   0.112793,   1.806152,  -0.858398,   0.071777,   1.826660,  -1.005859,       329
 -0.280,0,   0.105469,   1.812500,  -0.831543,   0.075195,   1.824707,  -0.997070,       330
 -0.280,0,   0.095703,   1.805664,  -0.839844,   0.062012,   1.822754,  -1.014648,       331
 -0.280,0,   0.093262,   1.810547,  -0.843750,   0.052734,   1.820312,  -0.995605,       332
 -0.280,0,   0.104980,   1.811523,  -0.836426,   0.049316,   1.808105,  -1.005859,       333
 -0.280,0,   0.093262,   1.813477,  -0.840820,   0.079102,   1.831055,  -1.006836,       334
 -0.280,0,   0.101074,   1.802246,  -0.844727,   0.079590,   1.833008,  -0.998535,       335
 -0.280,0,   0.094238,   1.813477,  -0.845215,   0.072754,   1.840820,  -0.997559,       336
 -0.280,0,   0.091797,   1.830566,  -0.854492,   0.026367,   1.832520,  -1.003906,       337
 -0.280,0,   0.077637,   1.826172,  -0.852539,   0.029785,   1.848145,  -1.016113,       338
 -0.280,0,   0.064941,   1.823730,  -0.860352,   0.058594,   1.841797,  -0.979492,       339
 -0.280,0,   0.058594,   1.811523,  -0.850586,   0.030762,   1.829590,  -0.981934,       340
 -0.280,0,   0.037109,   1.819824,  -0.871582,  -0.004395,   1.823242,  -0.998535,       341
 -0.280,0,   0.018555,   1.811523,  -0.866211,   0.001953,   1.833496,  -0.982910,       342
 -0.280,0,   0.021484,   1.813965,  -0.874023,   0.015137,   1.843262,  -0.990234,       343
 -0.280,0,   0.016113,   1.809082,  -0.855957,   0.019043,   1.821777,  -0.988281,       344
 -0.280,0,   0.018066,   1.795898,  -0.866211,  -0.013184,   1.806152,  -0.993164,       345
 -0.280,0,   0.027832,   1.790039,  -0.868164,  -0.021484,   1.796387,  -0.996582,       346
 -0.280,0,   0.031738,   1.805176,  -0.857910,  -0.018555,   1.806641,  -0.994629,       347
 -0.280,0,   0.051270,   1.796875,  -0.861328,   0.017090,   1.820801,  -1.000488,       348
 -0.280,0,   0.059082,   1.799805,  -0.848145,   0.032715,   1.830566,  -0.999023,       349
 -0.280,0,   0.073242,   1.811523,  -0.852051,   0.012207,   1.830566,  -0.969238,       350
 -0.280,0,   0.077148,   1.809570,  -0.863770,   0.003906,   1.827148,  -1.001465,       351
 -0.280,0,   0.082520,   1.810059,  -0.828613,  -0.011230,   1.850586,  -0.976562,       352
 -0.280,0,   0.087891,   1.830078,  -0.838867,   0.021973,   1.832520,  -0.994141,       353
 -0.280,0,   0.076172,   1.828125,  -0.845703,   0.014648,   1.839844,  -0.996094,       354
 -0.280,0,   0.071777,   1.819336,  -0.868164,   0.010254,   1.833496,  -1.006348,       355
 -0.280,0,   0.069824,   1.830566,  -0.861816,   0.022461,   1.837402,  -1.003418,       356
 -0.280,0,   0.057617,   1.827637,  -0.855957,   0.027344,   1.845703,  -1.017578,       357
 -0.280,0,   0.051270,   1.827148,  -0.876953,   0.031738,   1.848145,  -0.993164,       358
 -0.280,0,   0.050293,   1.821777,  -0.854980,   0.009766,   1.819336,  -1.014160,       359
 -0.280,0,   0.031250,   1.810547,  -0.855957,   0.014160,   1.817871,  -1.010254,       360
 -0.280,0,   0.033203,   1.820801,  -0.884766,  -0.005859,   1.820801,  -1.016113,       361
 -0.280,0,   0.028809,   1.818359,  -0.850586,   0.043945,   1.841309,  -1.007324,       362
 -0.280,0,   0.024414,   1.810547,  -0.849121,   0.054199,   1.813965,  -0.990723,       363
 -0.280,0,   0.055664,   1.803223,  -0.871094,   0.026855,   1.825195,  -1.019531,       364
 -0.280,0,   0.056152,   1.820312,  -0.860840,   0.034180,   1.830566,  -1.041992,       365
 -0.280,0,   0.077637,   1.819336,  -0.853516,   0.047363,   1.839844,  -1.017090,       366
 -0.280,0,   0.094727,   1.825684,  -0.862305,   0.075195,   1.840332,  -1.014648,       367
 -0.280,0,   0.108398,   1.832520,  -0.880859,   0.065918,   1.842773,  -1.033691,       368
 -0.280,0,   0.125000,   1.827148,  -0.884277,   0.072754,   1.821777,  -1.024414,       369
 -0.280,0,   0.120605,   1.825684,  -0.861816,   0.076660,   1.840332,  -0.984863,       370
 -0.280,0,   0.103516,   1.816406,  -0.838867,   0.079102,   1.832031,  -0.954102,       371
 -0.280,0,   0.098633,   1.804688,  -0.822754,   0.099121,   1.813477,  -0.935547,       372
 -0.280,0,   0.091797,   1.784180,  -0.791504,   0.048828,   1.796875,  -0.933105,       373
 -0.280,0,   0.076172,   1.776367,  -0.792969,   0.029297,   1.791992,  -0.943359,       374
 -0.280,0,   0.077148,   1.791016,  -0.782227,   0.051758,   1.806641,  -0.916016,       375
 -0.280,0,   0.077637,   1.802246,  -0.777344,   0.033691,   1.798828,  -0.903809,       376
 -0.280,0,   0.072754,   1.783203,  -0.761719,   0.033203,   1.779785,  -0.913574,       377
 -0.280,0,   0.075684,   1.757812,  -0.778809,   0.009277,   1.761230,  -0.894531,       378
 -0.280,0,   0.096191,   1.749512,  -0.765137,   0.041992,   1.765137,  -0.920898,       379
 -0.280,0,   0.097656,   1.762207,  -0.782715,   0.063477,   1.777344,  -0.916016,       380
 -0.280,0,   0.109863,   1.766113,  -0.761230,   0.079590,   1.779297,  -0.903809,       381
 -0.280,0,   0.103516,   1.772949,  -0.752930,   0.069824,   1.770996,  -0.904297,       382
 -0.280,0,   0.100586,   1.775391,  -0.764648,   0.059082,   1.783691,  -0.914551,       383
 -0.280,0,   0.123047,   1.787598,  -0.775879,   0.060059,   1.802246,  -0.919922,       384
 -0.280,0,   0.120605,   1.799805,  -0.778320,   0.087891,   1.808105,  -0.921387,       385
 -0.280,0,   0.107422,   1.804199,  -0.782715,   0.059570,   1.804199,  -0.925293,       386
 -0.280,0,   0.117188,   1.809570,  -0.785156,   0.053223,   1.804688,  -0.932617,       387
 -0.280,0,   0.129883,   1.801270,  -0.789062,   0.066895,   1.812988,  -0.916016,       388
 -0.280,0,   0.141602,   1.813477,  -0.785645,   0.095215,   1.824707,  -0.938965,       389
 -0.280,0,   0.121582,   1.818359,  -0.788086,   0.096680,   1.842773,  -0.936035,       390
 -0.280,0,   0.117188,   1.833008,  -0.799805,   0.091309,   1.845703,  -0.957520,       391
 -0.280,0,   0.139160,   1.842773,  -0.808105,   0.062500,   1.852051,  -0.947754,       392
 -0.280,0,   0.134277,   1.848633,  -0.805176,   0.068848,   1.853027,  -0.941406,       393
 -0.280,0,   0.130371,   1.850098,  -0.803711,   0.089844,   1.866699,  -0.959961,       394
 -0.280,0,   0.113281,   1.849609,  -0.805176,   0.076660,   1.854004,  -0.937988,       395
 -0.280,0,   0.118164,   1.859375,  -0.806641,   0.049316,   1.855469,  -0.949219,       396
 -0.280,0,   0.114258,   1.846680,  -0.799316,   0.062500,   1.844727,  -0.945312,       397
 -0.280,0,   0.113281,   1.834961,  -0.801270,   0.084473,   1.858398,  -0.944824,       398
 -0.280,0,   0.115234,   1.832031,  -0.822266,   0.078613,   1.840332,  -0.958008,       399
 -0.280,0,   0.129883,   1.822266,  -0.810547,   0.064941,   1.836426,  -0.956055,       400
 -0.280,0,   0.142578,   1.817871,  -0.800293,   0.075684,   1.830078,  -0.946289,       401
 -0.280,0,   0.157715,   1.807617,  -0.809570,   0.116211,   1.827148,  -0.951172,       402
 -0.280,0,   0.140625,   1.807617,  -0.788086,   0.123047,   1.813965,  -0.953125,       403
 -0.280,0,   0.159180,   1.796875,  -0.817871,   0.117188,   1.805664,  -0.952637,       404
 -0.280,0,   0.151367,   1.784180,  -0.792480,   0.076172,   1.787109,  -0.933105,       405
 -0.280,0,   0.155762,   1.778809,  -0.802246,   0.078125,   1.799805,  -0.932129,       406
 -0.280,0,   0.144043,   1.776855,  -0.807129,   0.080566,   1.779297,  -0.937988,       407
 -0.280,0,   0.148926,   1.771484,  -0.792480,   0.096191,   1.772461,  -0.930664,       408
 -0.280,0,   0.145996,   1.772461,  -0.769043,   0.078613,   1.780273,  -0.934570,       409
 -0.280,0,   0.128906,   1.770996,  -0.782715,   0.067871,   1.780273,  -0.923340,       410
 -0.280,0,   0.118164,   1.784180,  -0.771484,   0.056152,   1.795410,  -0.911621,       411
 -0.280,0,   0.131836,   1.778809,  -0.793945,   0.061523,   1.814453,  -0.908691,       412
 -0.280,0,   0.120117,   1.789551,  -0.766113,   0.070312,   1.822266,  -0.925781,       413
 -0.280,0,   0.113770,   1.796387,  -0.775391,   0.027344,   1.808105,  -0.937500,       414
 -0.280,0,   0.104980,   1.811035,  -0.815430,   0.012695,   1.821289,  -0.937012,       415
 -0.280,0,   0.091309,   1.798340,  -0.787109,  -0.003418,   1.824707,  -0.939941,       416
 -0.280,0,   0.093750,   1.812988,  -0.808105,   0.031738,   1.824707,  -0.939941,       417
 -0.280,0,   0.088867,   1.803223,  -0.809570,   0.030273,   1.813965,  -0.965332,       418
 -0.280,0,   0.062988,   1.795898,  -0.792480,  -0.019043,   1.809570,  -0.949219,       419
 -0.280,0,   0.048828,   1.789551,  -0.811523,  -0.021973,   1.818359,  -0.954102,       420
 -0.280,0,   0.033691,   1.785645,  -0.799316,   0.001953,   1.814941,  -0.938965,       421
 -0.280,0,   0.034668,   1.794922,  -0.788574,  -0.006348,   1.801270,  -0.962891,       422
 -0.280,0,   0.020996,   1.791504,  -0.804688,  -0.014648,   1.793945,  -0.953613,       423
 -0.280,0,   0.018555,   1.777832,  -0.832520,  -0.033691,   1.778320,  -0.968750,       424
 -0.280,0,   0.029785,   1.779297,  -0.832031,  -0.020996,   1.792969,  -0.961426,       425
 -0.280,0,   0.013672,   1.768066,  -0.819336,   0.000000,   1.799805,  -0.953613,       426
 -0.280,0,   0.026855,   1.770996,  -0.818848,  -0.001953,   1.799316,  -0.966797,       427
 -0.280,0,   0.011719,   1.778320,  -0.830078,  -0.038086,   1.793457,  -0.953613,       428
 -0.280,0,   0.031738,   1.773926,  -0.830078,  -0.042969,   1.790527,  -0.974609,       429
 -0.280,0,   0.027344,   1.783691,  -0.830078,   0.002930,   1.816895,  -0.962402,       430
 -0.280,0,   0.030762,   1.785156,  -0.842773,  -0.012695,   1.813965,  -0.950195,       431
 -0.280,0,   0.033203,   1.792969,  -0.839844,  -0.016113,   1.805664,  -0.979980,       432
 -0.280,0,   0.047363,   1.801758,  -0.856934,  -0.050781,   1.821289,  -0.981934,       433
 -0.280,0,   0.035156,   1.804688,  -0.858398,  -0.031738,   1.824707,  -0.987793,       434
 -0.280,0,   0.053223,   1.813477,  -0.860352,  -0.016113,   1.844238,  -1.009766,       435
 -0.280,0,   0.042480,   1.831055,  -0.861816,  -0.023438,   1.841797,  -0.980957,       436
 -0.280,0,   0.038086,   1.823730,  -0.871582,  -0.050781,   1.841797,  -0.990234,       437
 -0.280,0,   0.047852,   1.844238,  -0.872559,  -0.039551,   1.853516,  -1.004395,       438
 -0.280,0,   0.011230,   1.841309,  -0.861816,  -0.022461,   1.865234,  -1.011719,       439
 -0.280,0,   0.009766,   1.843750,  -0.869629,  -0.042480,   1.872070,  -1.018555,       440
 -0.280,0,  -0.013672,   1.848633,  -0.892578,  -0.072754,   1.850586,  -1.018066,       441
 -0.280,0,  -0.021484,   1.838379,  -0.876953,  -0.067871,   1.863281,  -1.023926,       442
 -0.280,0,  -0.029785,   1.846191,  -0.890137,  -0.087402,   1.857910,  -1.045898,       443
 -0.280,0,  -0.020508,   1.844238,  -0.892578,  -0.067871,   1.865723,  -1.023926,       444
 -0.280,0,  -0.050293,   1.820312,  -0.898926,  -0.085449,   1.846191,  -1.032715,       445
 -0.280,0,  -0.027832,   1.813477,  -0.880859,  -0.085449,   1.822754,  -1.025879,       446
 -0.280,0,  -0.049316,   1.806641,  -0.882324,  -0.088867,   1.817383,  -1.008301,       447
 -0.280,0,  -0.031738,   1.801270,  -0.889648,  -0.096191,   1.818359,  -1.028809,       448
 -0.280,0,  -0.041016,   1.804199,  -0.891113,  -0.093262,   1.824707,  -1.035156,       449
 -0.280,0,  -0.057129,   1.804688,  -0.886230,  -0.106934,   1.828613,  -1.018555,       450
 -0.280,0,  -0.054688,   1.792480,  -0.891602,  -0.147461,   1.800293,  -1.033203,       451
 -0.280,0,  -0.071777,   1.791992,  -0.885254,  -0.123535,   1.819336,  -1.019531,       452
 -0.280,0,  -0.088379,   1.791504,  -0.882324,  -0.134277,   1.821289,  -1.012695,       453
 -0.280,0,  -0.102051,   1.794922,  -0.876953,  -0.139160,   1.828613,  -1.017090,       454
 -0.280,0,  -0.101074,   1.790527,  -0.866211,  -0.199219,   1.817383,  -1.011230,       455
 -0.280,0,  -0.119629,   1.807129,  -0.871582,  -0.198242,   1.823242,  -1.007324,       456
 -0.280,0,  -0.131836,   1.809570,  -0.869141,  -0.157715,   1.830078,  -0.996582,       457
 -0.280,0,  -0.120117,   1.816895,  -0.865723,  -0.172363,   1.836914,  -1.007812,       458
 -0.280,0,  -0.127930,   1.811523,  -0.875000,  -0.170410,   1.820312,  -1.008301,       459
 -0.280,0,  -0.121094,   1.813965,  -0.863770,   3.250000,   0.000000,   0.000000,       460
 -0.280,0,  -0.121094,   1.809570,  -0.884766,  -0.193848,   1.834473,  -1.005859,       461
 -0.280,0,  -0.123535,   1.811523,  -0.861816,  -0.174316,   1.834961,  -0.997070,       462
 -0.280,0,  -0.107422,   1.821777,  -0.856445,  -0.184082,   1.830078,  -1.013184,       463
 -0.280,0,  -0.091309,   1.818848,  -0.857910,  -0.193359,   1.818359,  -0.989258,       464
 -0.280,0,  -0.117188,   1.813477,  -0.875000,  -0.206543,   1.818359,  -1.003906,       465
 -0.280,0,  -0.097168,   1.807617,  -0.858887,  -0.176758,   1.822266,  -0.992676,       466
 -0.280,0,  -0.089844,   1.797363,  -0.871582,  -0.168457,   1.811035,  -0.993164,       467
 -0.280,0,  -0.102051,   1.800781,  -0.854980,  -0.176758,   1.814453,  -0.993652,       468
 -0.280,0,  -0.083984,   1.790527,  -0.839355,  -0.209473,   1.806152,  -0.996094,       469
 -0.280,0,  -0.094238,   1.799805,  -0.851562,  -0.214844,   1.801270,  -0.993652,       470
 -0.280,0,  -0.077637,   1.782227,  -0.848145,  -0.208008,   1.800293,  -0.981934,       471
 -0.280,0,  -0.104980,   1.775879,  -0.872559,  -0.188477,   1.804199,  -0.996582,       472
 -0.280,0,  -0.098145,   1.782227,  -0.842773,  -0.189453,   1.791504,  -0.997559,       473
 -0.280,0,  -0.083496,   1.783691,  -0.848633,  -0.225098,   1.785156,  -0.987793,       474
 -0.280,0,  -0.091309,   1.771484,  -0.851074,  -0.208984,   1.791992,  -0.991699,       475
 -0.280,0,  -0.085938,   1.784180,  -0.867188,  -0.173828,   1.794434,  -0.982910,       476
 -0.280,0,  -0.083984,   1.788086,  -0.875000,  -0.179688,   1.787598,  -0.990723,       477
 -0.280,0,  -0.095703,   1.782715,  -0.854004,  -0.188965,   1.786133,  -1.004395,       478
 -0.280,0,  -0.091797,   1.794922,  -0.876953,  -0.177734,   1.805176,  -0.988281,       479
 -0.280,0,  -0.088867,   1.787598,  -0.860352,  -0.158203,   1.810547,  -1.003418,       480
 -0.280,0,  -0.088379,   1.784668,  -0.860352,  -0.145996,   1.816406,  -0.990234,       481
 -0.260,0,  -0.084961,   1.796875,  -0.851074,  -0.184570,   1.810547,  -0.985352,       482
 -0.260,0,  -0.094238,   1.799316,  -0.869629,  -0.187012,   1.803711,  -1.000000,       483
 -0.260,0,  -0.078125,   1.802734,  -0.851562,  -0.139160,   1.815918,  -0.998535,       484
 -0.260,0,  -0.099609,   1.801270,  -0.854980,  -0.147949,   1.819336,  -0.985352,       485
 -0.260,0,  -0.073730,   1.817871,  -0.842773,  -0.142578,   1.813965,  -0.993652,       486
 -0.260,0,  -0.072266,   1.808594,  -0.849121,  -0.183105,   1.803223,  -0.984863,       487
 -0.240,0,  -0.057617,   1.806152,  -0.830566,  -0.167969,   1.812500,  -1.002441,       488
 -0.240,0,  -0.063965,   1.803223,  -0.844727,  -0.131836,   1.819336,  -0.995605,       489
 -0.240,0,  -0.059570,   1.822266,  -0.840332,  -0.149414,   1.806641,  -0.983398,       490
 -0.220,0,  -0.055176,   1.832520,  -0.827637,  -0.157715,   1.814941,  -0.989258,       491
 -0.220,0,  -0.060059,   1.841797,  -0.823242,  -0.162109,   1.800293,  -0.986328,       492
 -0.220,0,  -0.042969,   1.860352,  -0.833984,  -0.119141,   1.785156,  -0.972656,       493
 -0.200,0,  -0.048340,   1.897461,  -0.813965,  -0.126953,   1.743164,  -0.972168,       494
 -0.180,0,  -0.031738,   2.023438,  -0.818848,  -0.144531,   1.645020,  -0.982910,       495
 -0.140,0,  -0.091309,   2.097168,  -0.808105,  -0.202148,   1.619141,  -0.973145,       496
 -0.080,0,  -0.070801,   2.077637,  -0.788574,  -0.150879,   1.646484,  -0.982910,       497
  0.000,0,  -0.051270,   2.011230,  -0.750000,  -0.141602,   1.674805,  -0.976562,       498
  0.060,0,  -0.052734,   1.941406,  -0.724609,  -0.189941,   1.666992,  -0.967285,       499
  0.160,0,  -0.055176,   1.841309,  -0.666016,  -0.180176,   1.673828,  -0.928711,       500
  0.240,0,  -0.065430,   1.769043,  -0.662109,  -0.175293,   1.680176,  -0.926270,       501
  0.340,0,  -0.077637,   1.727539,  -0.637695,  -0.141113,   1.676758,  -0.894043,       502
  0.440,0,  -0.070312,   1.693848,  -0.668945,  -0.106934,   1.650391,  -0.908691,       503
  0.540,0,  -0.042969,   1.684082,  -0.704102,  -0.143066,   1.636719,  -0.912109,       504
  0.640,0,  -0.036621,   1.703613,  -0.706543,  -0.120117,   1.653320,  -0.913574,       505
  0.740,0,  -0.020508,   1.733398,  -0.801758,  -0.104980,   1.685547,  -0.915527,       506
  0.840,0,  -0.041992,   1.743652,  -0.829590,  -0.083008,   1.700195,  -0.897949,       507
  0.940,0,  -0.032715,   1.744629,  -0.847656,  -0.082031,   1.701660,  -0.902344,       508
  1.040,0,  -0.006836,   1.756348,  -0.867188,  -0.088379,   1.729980,  -0.891113,       509
  1.140,0,   0.002441,   1.758789,  -0.900879,  -0.052246,   1.729004,  -0.916992,       510
  1.260,0,  -0.000977,   1.742676,  -0.875977,  -0.019043,   1.758301,  -0.905762,       511
  1.360,0,   0.000000,   1.751953,  -0.888184,  -0.059082,   1.760254,  -0.903809,       512
  1.460,0,  -0.006348,   1.752930,  -0.849609,  -0.063477,   1.763672,  -0.920898,       513
  1.580,0,   0.019531,   1.753418,  -0.828125,  -0.035645,   1.788086,  -0.895996,       514
  1.680,0,   0.018555,   1.756836,  -0.799805,  -0.020020,   1.790039,  -0.926270,       515
  1.800,0,   0.015625,   1.764648,  -0.770020,  -0.020020,   1.781738,  -0.932617,       516
  1.900,0,   0.040039,   1.774902,  -0.762695,  -0.050293,   1.770020,  -0.946289,       517
  2.020,0,   0.041992,   1.809570,  -0.732910,  -0.029785,   1.775391,  -0.938965,       518
  2.140,0,   0.066895,   1.843262,  -0.721191,  -0.020508,   1.757812,  -0.946289,       519
  2.260,0,   0.063477,   1.866699,  -0.731934,   0.000977,   1.759766,  -0.962891,       520
  2.380,0,   0.044434,   1.866211,  -0.715820,  -0.007324,   1.752441,  -0.939453,       521
  2.520,0,   0.034668,   1.894043,  -0.741211,  -0.016113,   1.725586,  -0.962402,       522
  2.660,0,   0.037109,   1.892578,  -0.735840,  -0.008301,   1.735352,  -0.961914,       523
  2.780,0,   0.039062,   1.898926,  -0.765137,   0.034180,   1.730957,  -0.976562,       524
  2.940,0,   0.056152,   1.908691,  -0.801758,   0.065430,   1.739746,  -0.971191,       525
  3.080,0,   0.069336,   1.914062,  -0.798828,   0.053711,   1.729980,  -0.976074,       526
  3.240,0,   0.080566,   1.896484,  -0.802734,   0.038574,   1.731445,  -0.959961,       527
  3.400,0,   0.102539,   1.885742,  -0.852539,   0.038086,   1.753906,  -0.977539,       528
  3.560,0,   0.104980,   1.842285,  -0.835938,   0.107422,   1.773926,  -0.960449,       529
  3.720,0,   0.134766,   1.814453,  -0.834961,   1.762207,  -0.962402,  -0.556641,       530
  3.900,0,   0.131836,   1.777832,  -0.821777,   0.109863,   1.760254,  -0.959961,       531
  4.080,0,   0.148438,   1.757812,  -0.815918,   0.101562,   1.767578,  -0.940918,       532
  4.240,0,   0.150879,   1.752930,  -0.795410,   0.125488,   1.770996,  -0.934570,       533
  4.420,0,   0.161621,   1.743652,  -0.809082,   0.127930,   1.764160,  -0.915527,       534
  4.600,0,   0.154785,   1.738281,  -0.804688,   0.105957,   1.764648,  -0.904297,       535
  4.780,0,   0.157715,   1.724121,  -0.782227,   0.108887,   1.766113,  -0.907715,       536
  4.960,0,   0.146973,   1.724609,  -0.790039,   0.093262,   1.772461,  -0.911133,       537
  5.120,0,   0.156250,   1.723633,  -0.770996,   0.127441,   1.781738,  -0.909668,       538
  5.300,0,   0.143555,   1.740234,  -0.782227,   0.128906,   1.791016,  -0.903809,       539
  5.460,0,   0.139160,   1.752441,  -0.786133,   0.094238,   1.778809,  -0.900391,       540
  5.640,0,   0.140137,   1.780273,  -0.793457,   0.092773,   1.814453,  -0.901367,       541
  5.800,0,   0.121582,   1.790039,  -0.788574,   0.079102,   1.819824,  -0.893555,       542
  5.980,0,   0.133789,   1.783203,  -0.806641,   0.100586,   1.858398,  -0.916016,       543
  6.140,0,   0.104004,   1.786133,  -0.782227,   0.092773,   1.884277,  -0.890137,       544
  6.320,0,   0.101562,   1.802734,  -0.797363,   0.071777,   1.890625,  -0.914062,       545
  6.480,0,   0.090332,   1.828613,  -0.789551,   0.052734,   1.916992,  -0.901855,       546
  6.640,0,   0.074219,   1.853516,  -0.773926,   0.043945,   1.907227,  -0.911133,       547
  6.800,0,   0.081543,   1.864258,  -0.785156,   0.033203,   1.897461,  -0.884766,       548
  6.960,0,   0.072266,   1.876953,  -0.767578,   0.014160,   1.886230,  -0.912109,       549
  7.120,0,   0.034180,   1.909668,  -0.729492,  -0.008789,   1.859375,  -0.892090,       550
  7.280,0,   0.044434,   1.901367,  -0.723633,  -0.026855,   1.834961,  -0.901855,       551
  7.440,0,   0.054199,   1.910156,  -0.740234,   0.014648,   1.840332,  -0.872070,       552
  7.600,0,   0.047852,   1.921387,  -0.716797,   0.012207,   1.801758,  -0.904297,       553
  7.760,0,   0.041992,   1.917969,  -0.681641,   0.008789,   1.777344,  -0.876465,       554
  7.940,0,   0.043457,   1.916992,  -0.698242,  -0.030273,   1.752930,  -0.876953,       555
  8.120,0,   0.037598,   1.947754,  -0.678711,  -0.045410,   1.729004,  -0.871094,       556
  8.320,0,   0.029297,   1.973145,  -0.682129,  -0.018555,   1.705566,  -0.873047,       557
  8.520,0,   0.057617,   1.990234,  -0.680664,  -0.020996,   1.675781,  -0.888184,       558
  8.740,0,   0.026855,   1.991211,  -0.674805,  -0.037598,   1.639648,  -0.867188,       559
  8.960,0,   0.018555,   2.013184,  -0.664551,  -0.061035,   1.634766,  -0.881348,       560
  9.200,0,   0.002930,   1.985840,  -0.662598,  -0.049316,   1.609375,  -0.889648,       561
  9.440,0,   0.007812,   1.988281,  -0.653809,  -0.050293,   1.580078,  -0.878418,       562
  9.700,0,  -0.023438,   1.986816,  -0.644043,  -0.086914,   1.542969,  -0.862793,       563
  9.980,0,  -0.016602,   1.975586,  -0.666992,  -0.091309,   1.512695,  -0.875488,       564
 10.280,0,  -0.034668,   1.961914,  -0.634277,  -0.085449,   1.484863,  -0.834473,       565
 10.600,0,  -0.043945,   1.918945,  -0.624512,  -0.050293,   1.479004,  -0.790039,       566
 10.920,0,  -0.028809,   1.912109,  -0.632324,  -0.038086,   1.478516,  -0.822266,       567
 11.260,0,  -0.055176,   1.864258,  -0.617676,  -0.059082,   1.482422,  -0.817383,       568
 11.620,0,  -0.043945,   1.849121,  -0.591309,  -0.076172,   1.468750,  -0.800293,       569
 11.980,0,  -0.059570,   1.835449,  -0.605957,  -0.083496,   1.477539,  -0.804199,       570
 12.360,0,  -0.044434,   1.828613,  -0.604492,  -0.069336,   1.491699,  -0.817383,       571
 12.760,0,  -0.043945,   1.823242,  -0.625000,  -0.043457,   1.493164,  -0.804688,       572
 13.160,0,  -0.030273,   1.850586,  -0.611816,  -0.078613,   1.505371,  -0.811035,       573
 13.560,0,  -0.012695,   1.837402,  -0.594238,  -0.062500,   1.539551,  -0.812988,       574
 13.980,0,  -0.021973,   1.882324,  -0.635742,  -0.018555,   1.569824,  -0.801270,       575
 14.420,0,  -0.038574,   1.883301,  -0.626465,  -0.036133,   1.614258,  -0.799316,       576
 14.880,0,  -0.000977,   1.914551,  -0.648438,  -0.034668,   1.610840,  -0.804199,       577
 15.320,0,  -0.007324,   1.943359,  -0.668945,  -0.083496,   1.680664,  -0.781250,       578
 15.780,0,   0.003906,   1.935059,  -0.665527,  -0.051758,   1.741211,  -0.843262,       579
 16.240,0,   0.007324,   1.949219,  -0.673828,  -0.010254,   1.779785,  -0.812988,       580
 16.740,0,  -0.027344,   1.940430,  -0.657227,  -0.041504,   1.819824,  -0.813965,       581
 17.220,0,   0.011230,   1.955566,  -0.664551,  -0.061035,   1.856445,  -0.800781,       582
 17.680,0,   0.029785,   1.920410,  -0.650391,  -0.056152,   1.892578,  -0.804688,       583
 18.160,0,   0.015625,   1.924316,  -0.658203,  -0.022461,   1.916016,  -0.808105,       584
 18.660,0,   0.023438,   1.905762,  -0.678711,   0.015137,   1.933594,  -0.770996,       585
 19.140,0,   0.066406,   1.902832,  -0.669922,   0.025879,   1.935059,  -0.783203,       586
 19.620,0,   0.058105,   1.895020,  -0.652832,   0.022949,   1.957520,  -0.754883,       587
 20.080,0,   0.084961,   1.897949,  -0.635254,   0.027344,   1.965332,  -0.756348,       588
 20.560,0,   0.092285,   1.900879,  -0.671875,   0.075195,   1.976074,  -0.754395,       589
 21.060,0,   0.126465,   1.900391,  -0.672852,   0.099609,   2.014160,  -0.766113,       590
 21.520,0,   0.122070,   1.881836,  -0.658203,   0.046875,   2.018555,  -0.714844,       591
 21.980,0,   0.161621,   1.884277,  -0.648438,   0.083984,   2.003418,  -0.720215,       592
 22.440,0,   0.167969,   1.876465,  -0.640625,   0.076660,   1.999023,  -0.700684,       593
 22.920,0,   0.187988,   1.847168,  -0.609375,   0.158203,   2.007324,  -0.715332,       594
 23.360,0,   0.201660,   1.843750,  -0.614746,   0.138184,   1.996582,  -0.692871,       595
 23.800,0,   0.231445,   1.815430,  -0.577148,   0.142578,   1.959961,  -0.656738,       596
 24.260,0,   0.230469,   1.809570,  -0.584473,   0.168457,   1.971680,  -0.687500,       597
 24.700,0,   0.211426,   1.820312,  -0.556641,   0.170898,   1.962402,  -0.674316,       598
 25.160,0,   0.252930,   1.864746,  -0.549805,   0.176270,   1.947754,  -0.680664,       599
 25.580,0,   0.216797,   1.885254,  -0.531738,   0.159668,   1.969727,  -0.686523,       600
 26.020,0,   0.224121,   1.907715,  -0.547852,   0.132324,   1.977051,  -0.703613,       601
 26.460,0,   0.210449,   1.940918,  -0.541016,   0.151367,   1.991211,  -0.696289,       602
 26.900,0,   0.225586,   1.984863,  -0.561523,   0.196289,   2.011230,  -0.710449,       603
 27.340,0,   0.216309,   2.002441,  -0.566895,   0.181641,   2.008301,  -0.719727,       604
 27.760,0,   0.244629,   2.000000,  -0.570801,   0.228027,   2.022949,  -0.732910,       605
 28.200,0,   0.263672,   1.992188,  -0.579590,   0.207520,   2.038574,  -0.765137,       606
 28.640,0,   0.262207,   1.998535,  -0.597656,   0.216309,   2.014160,  -0.728516,       607
 29.080,0,   0.278320,   1.984863,  -0.594238,   0.281250,   1.994629,  -0.766602,       608
 29.500,0,   0.270996,   1.960449,  -0.614746,   0.256836,   2.008301,  -0.723633,       609
 29.920,0,   0.314453,   1.894043,  -0.599609,   0.268066,   1.969727,  -0.719727,       610
 30.360,0,   0.321777,   1.842773,  -0.602051,   0.273926,   1.963379,  -0.732422,       611
 30.800,0,   0.298340,   1.814453,  -0.604980,   0.296387,   1.959961,  -0.673828,       612
 31.220,0,   0.287109,   1.791016,  -0.625977,   0.276855,   1.947266,  -0.686035,       613
 31.620,0,   0.280273,   1.733398,  -0.618164,   0.267578,   1.968262,  -0.702148,       614
 32.020,0,   0.275391,   1.733398,  -0.580566,   0.251465,   1.989258,  -0.675293,       615
 32.440,0,   0.252441,   1.741211,  -0.595703,   0.253418,   1.987793,  -0.655762,       616
 32.840,0,   0.273926,   1.766602,  -0.615723,   0.259766,   1.999512,  -0.670898,       617
 33.240,0,   0.274414,   1.795410,  -0.641602,   0.241211,   2.029297,  -0.695312,       618
 33.620,0,   0.237793,   1.802734,  -0.629883,   0.201172,   2.011230,  -0.692871,       619
 34.000,0,   0.246582,   1.812500,  -0.628906,   0.178711,   2.017090,  -0.707031,       620
 34.380,0,   0.232910,   1.834961,  -0.645020,   0.154785,   2.022949,  -0.710938,       621
 34.760,0,   0.203125,   1.863770,  -0.615234,   0.163574,   2.018555,  -0.722168,       622
 35.120,0,   0.195312,   1.879395,  -0.625000,   0.121582,   2.018066,  -0.717285,       623
 35.460,0,   0.138672,   1.872070,  -0.606445,   0.083496,   2.010254,  -0.699707,       624
 35.820,0,   0.128418,   1.895020,  -0.617188,   0.083008,   2.008789,  -0.734375,       625
 36.160,0,   0.113770,   1.883789,  -0.571777,   0.079102,   2.012695,  -0.731445,       626
 36.520,0,   0.078125,   1.901367,  -0.599609,   0.043457,   1.997559,  -0.759766,       627
 36.860,0,   0.061523,   1.921387,  -0.562500,   0.018066,   1.996094,  -0.762695,       628
 37.220,0,   0.027832,   1.942383,  -0.565430,  -0.030273,   1.998535,  -0.757812,       629
 37.560,0,   0.016113,   1.990234,  -0.593262,   0.000977,   2.008789,  -0.767578,       630
 37.900,0,   0.001465,   1.965332,  -0.576660,   0.012695,   2.026367,  -0.754395,       631
 38.240,0,   0.011230,   2.020020,  -0.606934,  -0.034180,   2.000000,  -0.765137,       632
 38.600,0,   0.001465,   2.028809,  -0.615234,  -0.056641,   1.979004,  -0.780273,       633
 38.960,0,   0.005371,   2.052734,  -0.625977,  -0.022461,   1.998535,  -0.800781,       634
 39.300,0,  -0.000977,   2.040039,  -0.666504,  -0.046387,   2.062988,  -0.782715,       635
 39.640,0,   0.016113,   2.006348,  -0.683105,  -0.020508,   2.044922,  -0.814453,       636
 39.980,0,   0.005371,   2.000488,  -0.691406,  -0.055176,   2.042480,  -0.797363,       637
 40.340,0,  -0.003906,   1.930176,  -0.680176,  -0.097168,   2.079590,  -0.786133,       638
 40.680,0,  -0.030273,   1.886719,  -0.717773,  -0.099609,   2.127441,  -0.813477,       639
 41.000,0,  -0.030273,   1.856934,  -0.713867,  -0.074219,   2.205566,  -0.787109,       640
 41.300,0,  -0.055176,   1.821289,  -0.717773,  -0.111816,   2.219238,  -0.795898,       641
 41.600,0,  -0.060059,   1.804199,  -0.776855,  -0.097168,   2.280762,  -0.817383,       642
 41.880,0,  -0.028320,   1.803223,  -0.759766,  -0.074707,   2.341309,  -0.864258,       643
 42.120,0,  -0.026855,   1.825195,  -0.826172,  -0.016113,   2.393555,  -0.892578,       644
 42.360,0,   0.011719,   1.878906,  -0.867676,   0.000000,   2.441406,  -0.929199,       645
 42.600,0,   0.026367,   1.911621,  -0.927734,   0.007324,   2.499512,  -0.983887,       646
 42.820,0,   0.027832,   1.972656,  -0.969727,  -0.035156,   2.545898,  -1.023438,       647
 43.000,0,   0.074219,   1.963867,  -0.989258,   0.038086,   2.592285,  -1.058105,       648
 43.160,0,   0.122070,   1.950195,  -1.018555,   0.088379,   2.628418,  -1.082520,       649
 43.320,0,   0.093750,   1.916016,  -1.017578,   0.071289,   2.623535,  -1.098633,       650
 43.420,0,   0.077148,   1.912109,  -1.036133,   0.059570,   2.654785,  -1.084961,       651
 43.520,0,   0.052734,   1.893555,  -1.020020,   0.049805,   2.650391,  -1.078613,       652
 43.600,0,   0.040527,   1.885254,  -1.011719,   0.074219,   2.591309,  -1.074219,       653
 43.640,0,   0.022949,   1.900879,  -1.009766,   0.045410,   2.551270,  -1.112793,       654
 43.660,0,   0.023438,   1.936523,  -1.022461,   0.021973,   2.490234,  -1.076660,       655
 43.680,0,   0.047852,   1.979004,  -1.020020,   0.047852,   2.375977,  -1.061523,       656
 43.680,0,   0.138184,   2.118164,  -1.018066,   0.132812,   2.248047,  -1.065430,       657
 43.680,0,   0.123047,   2.176758,  -0.997070,   0.137695,   2.223633,  -1.043945,       658
 43.680,0,   0.172852,   2.129395,  -0.958008,   0.106445,   2.167969,  -1.032227,       659
 43.680,0,   0.224609,   2.092285,  -0.918945,   0.148926,   2.122070,  -1.019043,       660
 43.680,0,   0.242188,   2.066406,  -0.860352,   0.177246,   2.067871,  -0.964844,       661
 43.680,0,   0.275391,   2.003418,  -0.787109,   0.208496,   2.032715,  -0.940918,       662
 43.680,0,   0.303711,   1.961914,  -0.729004,   0.195801,   1.994141,  -0.937988,       663
 43.680,0,   0.248047,   1.935547,  -0.651855,   0.124512,   1.940918,  -0.898926,       664
 43.680,0,   0.178223,   1.865234,  -0.646484,   0.092773,   1.924805,  -0.896973,       665
 43.680,0,   0.174805,   1.858887,  -0.634277,   0.097656,   1.931152,  -0.871094,       666
 43.680,0,   0.119141,   1.834961,  -0.612305,   0.089844,   1.942383,  -0.843750,       667
 43.680,0,   0.099121,   1.829102,  -0.669434,   0.038574,   1.945801,  -0.866699,       668
 43.680,0,   0.074219,   1.836914,  -0.692383,  -0.021484,   2.007324,  -0.875977,       669
 43.680,0,   0.039551,   1.807617,  -0.782715,  -0.013672,   1.988770,  -0.889648,       670
 43.680,0,   0.037598,   1.904785,  -0.829102,  -0.022461,   1.972168,  -0.905762,       671
 43.660,0,   0.020020,   1.897461,  -0.869629,  -0.101074,   2.083496,  -0.922852,       672
 43.640,0,  -0.008789,   1.830078,  -0.918457,  -0.106934,   2.087891,  -0.899414,       673
 43.600,0,   0.000488,   1.836914,  -0.931641,  -0.114746,   2.119629,  -0.942871,       674
 43.560,0,  -0.033691,   1.853516,  -0.913086,  -0.119141,   2.134766,  -0.932617,       675
 43.520,0,  -0.056152,   1.853027,  -0.897461,  -0.128418,   2.145996,  -0.944824,       676
 43.460,0,  -0.066406,   1.850586,  -0.874023,  -0.136719,   2.150391,  -0.937012,       677
 43.380,0,  -0.079102,   1.854980,  -0.841309,  -0.187012,   2.133301,  -0.931641,       678
 43.300,0,  -0.085449,   1.838379,  -0.805664,  -0.161621,   2.108887,  -0.930176,       679
 43.200,0,  -0.110840,   1.831055,  -0.784180,  -0.156250,   2.117676,  -0.895996,       680
 43.100,0,  -0.103516,   1.860352,  -0.761230,  -0.155762,   2.070312,  -0.916992,       681
 42.980,0,  -0.086914,   1.894531,  -0.751953,  -0.157227,   2.022461,  -0.932617,       682
 42.860,0,  -0.077637,   1.900879,  -0.757324,  -0.145996,   2.001465,  -0.932129,       683
 42.740,0,  -0.058105,   1.921387,  -0.758301,  -0.100098,   1.995117,  -0.938477,       684
 42.600,0,  -0.050293,   1.860352,  -0.777344,  -0.083496,   1.977539,  -0.950684,       685
 42.480,0,  -0.049805,   1.816895,  -0.793945,  -0.107422,   1.980957,  -0.960938,       686
 42.340,0,  -0.024414,   1.748047,  -0.814453,  -0.098145,   1.968262,  -0.952637,       687
 42.180,0,  -0.026855,   1.697754,  -0.827637,  -0.072266,   1.963867,  -0.939453,       688
 42.020,0,   0.006836,   1.636719,  -0.856445,  -0.020020,   1.965820,  -0.956055,       689
 41.840,0,   0.029297,   1.600586,  -0.879883,   0.004395,   1.924316,  -0.959961,       690
 41.660,0,   0.042969,   1.563965,  -0.881836,  -0.005859,   1.909668,  -0.961914,       691
 41.480,0,   0.085938,   1.516113,  -0.937500,   0.028809,   1.897461,  -0.969238,       692
 41.280,0,   0.097168,   1.494141,  -0.931152,   0.028809,   1.904785,  -0.949219,       693
 41.080,0,   0.125977,   1.482422,  -0.953613,   0.082031,   1.926270,  -0.958496,       694
 40.860,0,   0.162109,   1.482910,  -0.938965,   0.101074,   1.906250,  -0.987305,       695
 40.620,0,   0.170898,   1.505859,  -0.939941,   0.080566,   1.915039,  -0.970703,       696
 40.360,0,   0.177246,   1.517090,  -0.935547,   0.109863,   1.954102,  -0.997070,       697
 40.080,0,   0.186035,   1.548340,  -0.938477,   0.121582,   1.963379,  -0.992188,       698
 39.800,0,   0.163086,   1.576172,  -0.937012,   0.093262,   1.968750,  -0.992188,       699
 39.520,0,   0.135742,   1.636719,  -0.924316,   3.250000,   0.000000,   0.000000,       700
 39.240,0,   0.149414,   1.685547,  -0.937500,   0.028809,   1.990723,  -1.036133,       701
 38.940,0,   0.122559,   1.710938,  -0.959961,   0.016602,   2.001465,  -1.028320,       702
 38.620,0,   0.095215,   1.752930,  -0.973633,   0.041992,   2.049316,  -1.054199,       703
 38.280,0,   0.095703,   1.754395,  -0.964844,  -0.017578,   2.077637,  -1.067383,       704
 37.940,0,   0.059082,   1.776855,  -0.985352,  -0.070801,   2.087402,  -1.084961,       705
 37.580,0,   0.039551,   1.781738,  -0.996582,  -0.083496,   2.109375,  -1.100586,       706
 37.240,0,   0.031250,   1.800781,  -1.031738,  -0.105957,   2.096680,  -1.117676,       707
 36.900,0,  -0.025391,   1.805176,  -1.029785,  -0.128906,   2.085449,  -1.103027,       708
 36.540,0,  -0.036621,   1.804199,  -1.041504,  -0.150879,   2.090332,  -1.098145,       709
 36.140,0,  -0.054688,   1.803711,  -1.060059,  -0.187988,   2.088867,  -1.132812,       710
 35.760,0,  -0.093750,   1.780762,  -1.045898,  -0.165527,   2.098145,  -1.124023,       711
 35.380,0,  -0.078125,   1.769531,  -1.042480,  -0.199219,   2.063477,  -1.128906,       712
 35.000,0,  -0.113770,   1.761230,  -1.048828,  -0.202637,   2.018066,  -1.108398,       713
 34.600,0,  -0.158203,   1.769531,  -1.033203,  -0.244629,   1.988281,  -1.102539,       714
 34.160,0,  -0.145996,   1.708984,  -1.012695,  -0.251465,   1.974121,  -1.091797,       715
 33.720,0,  -0.144531,   1.691406,  -1.003418,  -0.193848,   1.932129,  -1.065918,       716
 33.300,0,  -0.158691,   1.692383,  -0.963867,  -0.236328,   1.869141,  -1.042969,       717
 32.880,0,  -0.190430,   1.694336,  -0.947266,  -0.276855,   1.825195,  -1.046387,       718
 32.440,0,  -0.225586,   1.697754,  -0.918457,  -0.296387,   1.803223,  -0.999512,       719
 31.960,0,  -0.259766,   1.668945,  -0.878418,  -0.305664,   1.779297,  -0.980469,       720
 31.540,0,  -0.255371,   1.656738,  -0.859863,  -0.251953,   1.737305,  -0.979492,       721
 31.100,0,  -0.282227,   1.685547,  -0.842773,  -0.299805,   1.683105,  -0.969727,       722
 30.660,0,  -0.271484,   1.677734,  -0.810059,  -0.306152,   1.668945,  -0.957031,       723
 30.200,0,  -0.249023,   1.668457,  -0.831055,  -0.266113,   1.658203,  -0.957031,       724
 29.720,0,  -0.227539,   1.653809,  -0.827637,  -0.244141,   1.634277,  -0.966797,       725
 29.280,0,  -0.160645,   1.671387,  -0.828125,  -0.199707,   1.599609,  -0.984863,       726
 28.860,0,  -0.164062,   1.709961,  -0.870605,  -0.206055,   1.594727,  -1.013672,       727
 28.420,0,  -0.144531,   1.719727,  -0.900879,  -0.149414,   1.603027,  -1.023438,       728
 27.960,0,  -0.113770,   1.708008,  -0.870117,  -0.103027,   1.625977,  -1.036621,       729
 27.520,0,  -0.049316,   1.719727,  -0.930176,  -0.035645,   1.618652,  -1.054688,       730
 27.100,0,  -0.020508,   1.742188,  -0.943848,  -0.060547,   1.596191,  -1.086426,       731
 26.660,0,  -0.023438,   1.774414,  -0.926270,  -0.049316,   1.596680,  -1.061523,       732
 26.240,0,   0.024414,   1.779785,  -0.916992,  -0.013184,   1.615723,  -1.074707,       733
 25.820,0,   0.026367,   1.781250,  -0.937012,   0.015625,   1.635742,  -1.114258,       734
 25.420,0,   0.050781,   1.811035,  -0.913086,   0.051758,   1.644531,  -1.101562,       735
 25.020,0,   0.069336,   1.812012,  -0.927734,   0.045410,   1.664551,  -1.104492,       736
 24.620,0,   0.089355,   1.836914,  -0.936523,   0.037598,   1.665527,  -1.120605,       737
 24.220,0,   0.105957,   1.834473,  -0.898926,   0.073242,   1.690918,  -1.102539,       738
 23.820,0,   0.127441,   1.848145,  -0.954102,   0.107422,   1.715332,  -1.123047,       739
 23.460,0,   0.163086,   1.844727,  -0.929199,   0.085449,   1.717773,  -1.104492,       740
 23.100,0,   0.149414,   1.875488,  -0.943848,   0.078125,   1.729492,  -1.140625,       741
 22.760,0,   0.155762,   1.885742,  -0.921875,   0.101562,   1.733398,  -1.136230,       742
 22.400,0,   0.180664,   1.886230,  -0.907227,   0.129883,   1.742188,  -1.093262,       743
 22.040,0,   0.161133,   1.874023,  -0.936035,   0.116699,   1.766113,  -1.107910,       744
 21.680,0,   0.164551,   1.850098,  -0.919434,   0.083984,   1.751953,  -1.096680,       745
 21.360,0,   0.164062,   1.842773,  -0.920898,   0.076660,   1.722168,  -1.077148,       746
 21.020,0,   0.137207,   1.817871,  -0.880859,   0.080566,   1.715332,  -1.063477,       747
 20.700,0,   0.134766,   1.808105,  -0.917969,   0.121582,   1.693359,  -1.028809,       748
 20.380,0,   0.089355,   1.770996,  -0.883301,   0.080078,   1.654297,  -1.037598,       749
 20.040,0,   0.121582,   1.752930,  -0.899414,   0.080078,   1.648438,  -1.029297,       750
 19.740,0,   0.103027,   1.715820,  -0.886719,   0.099609,   1.625977,  -1.014648,       751
 19.420,0,   0.096191,   1.716797,  -0.875977,   0.097656,   1.606934,  -0.996094,       752
 19.120,0,   0.079590,   1.701172,  -0.862793,   0.091797,   1.583496,  -1.013184,       753
 18.820,0,   0.080566,   1.689453,  -0.828613,   0.067871,   1.575195,  -0.987793,       754
 18.520,0,   0.069824,   1.686035,  -0.831543,   0.065430,   1.579590,  -0.968750,       755
 18.220,0,   0.097168,   1.693359,  -0.853516,   0.109375,   1.578613,  -0.972656,       756
 17.900,0,   0.072754,   1.678711,  -0.810059,   0.106445,   1.583008,  -0.963379,       757
 17.620,0,   0.113770,   1.694824,  -0.815430,   0.091309,   1.569824,  -0.993652,       758
 17.340,0,   0.083496,   1.735840,  -0.823730,   0.066406,   1.578613,  -0.986328,       759
 17.060,0,   0.107422,   1.772461,  -0.814453,   0.063477,   1.573730,  -0.992188,       760
 16.800,0,   0.117188,   1.767090,  -0.797852,   0.082520,   1.602539,  -0.981445,       761
 16.540,0,   0.112305,   1.784668,  -0.828125,   0.089844,   1.604492,  -0.992188,       762
 16.260,0,   0.102051,   1.790039,  -0.785645,   0.076172,   1.616699,  -0.989258,       763
 16.000,0,   0.129395,   1.803711,  -0.813477,   0.054688,   1.640625,  -0.985352,       764
 15.760,0,   0.112305,   1.800781,  -0.806152,   0.078613,   1.645996,  -0.985840,       765
 15.520,0,   0.116699,   1.836426,  -0.823730,   0.078613,   1.662109,  -0.983398,       766
 15.300,0,   0.098145,   1.846191,  -0.820312,   0.071289,   1.647949,  -0.973633,       767
 15.080,0,   0.095215,   1.853516,  -0.829102,   0.058594,   1.660645,  -0.989746,       768
 14.860,0,   0.085449,   1.851074,  -0.822266,   0.039062,   1.665039,  -0.985352,       769
 14.640,0,   0.100098,   1.858887,  -0.825684,   0.086426,   1.669922,  -0.990234,       770
 14.440,0,   0.084473,   1.857422,  -0.826172,   0.072266,   1.694824,  -1.004395,       771
 14.240,0,   0.089844,   1.852051,  -0.812500,   0.059570,   1.713379,  -0.984863,       772
 14.040,0,   0.076660,   1.848145,  -0.826172,   0.062744,   0.062744,   0.080078,       773
