Sampling freqeuncy: 500 Hz
  0.000,0,   0.025391,   0.078125,   1.766602,         1
  0.000,0,   0.058105,   0.104980,   1.719727,         2
  0.000,0,   0.125977,   0.118164,   1.688965,         3
  0.000,0,   0.142090,   0.112305,   1.672363,         4
  0.000,0,   0.164551,   0.130371,   1.610840,         5
  0.000,0,   0.162598,   0.144531,   1.600098,         6
  0.000,0,   0.183105,   0.145020,   1.605957,         7
  0.000,0,   0.196777,   0.125000,   1.605957,         8
  0.000,0,   0.189453,   0.103027,   1.653320,         9
  0.000,0,   0.148926,   0.096191,   1.669922,        10
  0.000,0,   0.097656,   0.073242,   1.699707,        11
  0.000,0,   0.054688,   0.045898,   1.712891,        12
  0.000,0,   0.037109,   0.080566,   1.718262,        13
  0.000,0,   0.086426,   0.120117,   1.683105,        14
  0.000,0,   0.138672,   0.152344,   1.627930,        15
  0.000,0,   0.162109,   0.153809,   1.629395,        16
  0.000,0,   0.181641,   0.151855,   1.657715,        17
  0.000,0,   0.141602,   0.128418,   1.661621,        18
  0.000,0,   0.130371,   0.114258,   1.663086,        19
  0.000,0,   0.128906,   0.095215,   1.652832,        20
  0.000,0,   0.120605,   0.062500,   1.676758,        21
  0.000,0,   0.149414,   0.067871,   1.652832,        22
  0.000,0,   0.134766,   0.104004,   1.659180,        23
  0.000,0,   0.142090,   0.128418,   1.652832,        24
  0.000,0,   0.143555,   0.161621,   1.665039,        25
  0.000,0,   0.120117,   0.173340,   1.663574,        26
  0.000,0,   0.109375,   0.151855,   1.652344,        27
  0.000,0,   0.098633,   0.107910,   1.686523,        28
  0.000,0,   0.094727,   0.062988,   1.672363,        29
  0.000,0,   0.087891,   0.044922,   1.671875,        30
  0.000,0,   0.112793,   0.046387,   1.690430,        31
  0.000,0,   0.119141,   0.094727,   1.685059,        32
  0.000,0,   0.191406,   0.116211,   1.613281,        33
  0.000,0,   0.274414,   0.112305,   1.524414,        34
  0.000,0,   0.218262,   0.184570,   1.647461,        35
  0.000,0,   0.192383,   0.178711,   1.616211,        36
  0.000,0,   0.139648,   0.123535,   1.650391,        37
  0.000,0,   0.093750,   0.051270,   1.623535,        38
  0.000,0,   0.025391,   0.055176,   1.678711,        39
  0.000,0,   0.009766,   0.122070,   1.725586,        40
  0.000,0,   0.060059,   0.098633,   1.752441,        41
  0.000,0,   0.109375,   0.054688,   1.750977,        42
  0.000,0,   0.163086,   0.103027,   1.677246,        43
  0.000,0,   0.204590,   0.169434,   1.612305,        44
  0.000,0,   0.228027,   0.170898,   1.549316,        45
  0.000,0,   0.241699,   0.108398,   1.560547,        46
  0.000,0,   0.204102,   0.083008,   1.598633,        47
  0.000,0,   0.137695,   0.083008,   1.660156,        48
  0.000,0,   0.086426,   0.073242,   1.712891,        49
  0.000,0,   0.047852,   0.066406,   1.757324,        50
  0.000,0,   0.026855,   0.098145,   1.742188,        51
  0.000,0,   0.040527,   0.108398,   1.718262,        52
  0.000,0,   0.068848,   0.124512,   1.686035,        53
  0.000,0,   0.100098,   0.130371,   1.656250,        54
  0.000,0,   0.133789,   0.127930,   1.658691,        55
  0.000,0,   0.186523,   0.143555,   1.641602,        56
  0.000,0,   0.191895,   0.133789,   1.621582,        57
  0.000,0,   0.204590,   0.109375,   1.653809,        58
  0.000,0,   0.180664,   0.081543,   1.641602,        59
  0.000,0,   0.129883,   0.089355,   1.654297,        60
  0.000,0,   0.114746,   0.066895,   1.648438,        61
  0.000,0,   0.094727,   0.079102,   1.663086,        62
  0.000,0,   0.084961,   0.109863,   1.705078,        63
  0.000,0,   0.098633,   0.137695,   1.684082,        64
  0.000,0,   0.109863,   0.141113,   1.680176,        65
  0.000,0,   0.133789,   0.129883,   1.698730,        66
  0.000,0,   0.123535,   0.128906,   1.656738,        67
  0.000,0,   0.137207,   0.120117,   1.630859,        68
  0.000,0,   0.164551,   0.148926,   1.644531,        69
  0.000,0,   0.178711,   0.124023,   1.634766,        70
  0.000,0,   0.081543,   0.091797,   1.704590,        71
  0.000,0,   0.028320,   0.087402,   1.736328,        72
  0.000,0,   0.048340,   0.092285,   1.714355,        73
  0.000,0,   0.095703,   0.100586,   1.718750,        74
  0.000,0,   0.176758,   0.050781,   1.649902,        75
  0.000,0,   0.232910,   0.067871,   1.607422,        76
  0.000,0,   0.238281,   0.081543,   1.609375,        77
  0.000,0,   0.239258,   0.080566,   1.586426,        78
  0.000,0,   0.194336,   0.104980,   1.609863,        79
  0.000,0,   0.180664,   0.103516,   1.606445,        80
  0.000,0,   0.148926,   0.099609,   1.646484,        81
  0.000,0,   0.135742,   0.115234,   1.654785,        82
  0.000,0,   0.102051,   0.175293,   1.748047,        83
  0.000,0,   0.056152,   0.112305,   1.702637,        84
  0.000,0,   0.073730,   0.102051,   1.659180,        85
  0.000,0,   0.005371,   0.180664,   1.770020,        86
  0.000,0,   0.027832,   0.233887,   1.645020,        87
  0.000,0,   0.097656,   0.149414,   1.582031,        88
  0.000,0,   0.135742,   0.120605,   1.642090,        89
  0.000,0,   0.207031,   0.093262,   1.751465,        90
  0.000,0,   0.271973,   0.117188,   1.652832,        91
  0.000,0,   0.306641,   0.091309,   1.592773,        92
  0.000,0,   0.348145,   0.008301,   1.545898,        93
  0.000,0,   0.269531,  -0.011230,   1.560547,        94
  0.000,0,   0.187012,   0.021484,   1.523926,        95
  0.000,0,   0.110352,   0.068848,   1.642090,        96
  0.000,0,   0.059082,   0.112305,   1.724121,        97
  0.000,0,   0.014648,   0.134277,   1.811523,        98
  0.000,0,  -0.004883,   0.204590,   1.839355,        99
  0.000,0,  -0.018555,   0.233887,   1.793457,       100
  0.000,0,  -0.009766,   0.226562,   1.730957,       101
  0.000,0,   0.015137,   0.184082,   1.654297,       102
  0.000,0,   0.088379,   0.124512,   1.626465,       103
  0.000,0,   0.102539,   0.103516,   1.642578,       104
  0.000,0,   0.202637,   0.074707,   1.650391,       105
  0.000,0,   0.249512,   0.060547,   1.662109,       106
  0.000,0,   0.187500,   0.100586,   1.735352,       107
  0.000,0,   0.158691,   0.095703,   1.604492,       108
  0.000,0,   0.167969,   0.033691,   1.550781,       109
  0.000,0,   0.153320,   0.021973,   1.608887,       110
  0.000,0,   0.155762,   0.107422,   1.631836,       111
  0.000,0,   0.199707,   0.191895,   1.616699,       112
  0.000,0,   0.239258,   0.190918,   1.618652,       113
  0.000,0,   0.194336,   0.115723,   1.628906,       114
  0.000,0,   0.106934,   0.120605,   1.696289,       115
  0.000,0,   0.051270,   0.107910,   1.647461,       116
  0.000,0,   0.091797,   0.072266,   1.655762,       117
  0.000,0,   0.100098,   0.062500,   1.712402,       118
  0.000,0,   0.084473,   0.068848,   1.754883,       119
  0.000,0,   0.091797,   0.105469,   1.726074,       120
  0.000,0,   0.098145,   0.128418,   1.669922,       121
  0.000,0,   0.118164,   0.141602,   1.658691,       122
  0.000,0,   0.169434,   0.147949,   1.599121,       123
  0.000,0,   0.174316,   0.154297,   1.602539,       124
  0.000,0,   0.167480,   0.121094,   1.626953,       125
  0.000,0,   0.142578,   0.095215,   1.689941,       126
  0.000,0,   0.114746,   0.084961,   1.705078,       127
  0.000,0,   0.112305,   0.093262,   1.657227,       128
  0.000,0,   0.150391,   0.101562,   1.622070,       129
  0.000,0,   0.144531,   0.108398,   1.635742,       130
  0.000,0,   0.150391,   0.121582,   1.626953,       131
  0.000,0,   0.133301,   0.109375,   1.645020,       132
  0.000,0,   0.094727,   0.125000,   1.679688,       133
  0.000,0,   0.106445,   0.132324,   1.696777,       134
  0.000,0,   0.139648,   0.129395,   1.671875,       135
  0.000,0,   0.133789,   0.104004,   1.645020,       136
  0.000,0,   0.136719,   0.114258,   1.646973,       137
  0.000,0,   0.145508,   0.112305,   1.622559,       138
  0.000,0,   0.127441,   0.114746,   1.679199,       139
  0.000,0,   0.132812,   0.130859,   1.674316,       140
  0.000,0,   0.134277,   0.119141,   1.638184,       141
  0.000,0,   0.150879,   0.129395,   1.647461,       142
  0.000,0,   0.136719,   0.118652,   1.660645,       143
  0.000,0,   0.115234,   0.109375,   1.676758,       144
  0.000,0,   0.103516,   0.080078,   1.686035,       145
  0.000,0,   0.113770,   0.084961,   1.668457,       146
  0.000,0,   0.157715,   0.073730,   1.617188,       147
  0.000,0,   0.174805,   0.067383,   1.641602,       148
  0.000,0,   0.170898,   0.075684,   1.639648,       149
  0.000,0,   0.163086,   0.103027,   1.645508,       150
  0.000,0,   0.146973,   0.129395,   1.680664,       151
  0.000,0,   0.162598,   0.140137,   1.639160,       152
  0.000,0,   0.159180,   0.146973,   1.687500,       153
  0.000,0,   0.133301,   0.140137,   1.644531,       154
  0.000,0,   0.112305,   0.119141,   1.682617,       155
  0.000,0,   0.084473,   0.107910,   1.658203,       156
  0.000,0,   0.071777,   0.096191,   1.724609,       157
  0.000,0,   0.084961,   0.106445,   1.658203,       158
  0.000,0,   0.118652,   0.121094,   1.682129,       159
  0.000,0,   0.117676,   0.111816,   1.677734,       160
  0.000,0,   0.127441,   0.108398,   1.673340,       161
  0.000,0,   0.120117,   0.095703,   1.672852,       162
  0.000,0,   0.116699,   0.089844,   1.648438,       163
  0.000,0,   0.138672,   0.104492,   1.653320,       164
  0.000,0,   0.096191,   0.143555,   1.577148,       165
  0.000,0,   0.499023,   0.289551,   0.944824,       166
  0.000,0,   0.467773,  -0.158691,   1.753906,       167
  0.000,0,   0.329590,  -0.193848,   1.394043,       168
  0.000,0,  -0.534668,   0.017578,   2.266113,       169
  0.000,0,  -0.590332,   0.364258,   1.920410,       170
  0.000,0,  -0.196777,   0.545898,   1.514648,       171
  0.000,0,  -0.125000,   0.671387,   1.589355,       172
  0.000,0,   0.032227,   0.329590,   1.721680,       173
  0.000,0,   0.072754,   0.047363,   1.933105,       174
  0.000,0,  -0.154297,   0.071289,   2.301758,       175
  0.000,0,  -0.246094,   0.205566,   2.150879,       176
  0.000,0,  -0.178711,   0.108398,   1.923340,       177
  0.000,0,   0.051758,   0.234375,   1.658203,       178
  0.000,0,   0.373047,  -0.185547,   1.280762,       179
  0.000,0,   0.575195,  -0.276855,   1.053223,       180
  0.000,0,  -0.217285,   0.316895,   1.105957,       181
  0.000,0,   0.159180,  -0.188477,   1.503906,       182
  0.000,0,   0.956543,  -0.336914,   0.796387,       183
  0.000,0,   0.670898,  -0.316895,   1.049316,       184
  0.000,0,   1.077637,   0.290039,   0.770996,       185
  0.000,0,  -0.184082,  -0.484863,   2.086426,       186
  0.000,0,   0.025879,   0.976074,   1.652832,       187
  0.000,0,  -0.312988,  -0.347168,   2.462402,       188
  0.000,0,  -0.125977,   0.474121,   2.215820,       189
  0.000,0,   0.672363,   0.111816,   1.687012,       190
  0.000,0,   0.686035,   0.583008,   1.365723,       191
  0.000,0,   0.267578,   0.382812,   1.631836,       192
  0.000,0,   0.008789,   0.365723,   1.915039,       193
  0.000,0,   0.016602,  -0.104492,   1.814941,       194
  0.000,0,   0.095703,  -0.169922,   1.635742,       195
  0.000,0,   0.411621,  -0.228027,   1.363770,       196
  0.000,0,   0.345703,   0.076172,   1.393555,       197
  0.000,0,   0.146973,   0.152832,   1.711914,       198
  0.000,0,   0.081055,   0.306152,   1.800781,       199
  0.000,0,  -0.054688,   0.309570,   2.004395,       200
  0.000,0,  -0.114746,   0.197754,   1.993164,       201
  0.000,0,  -0.041504,   0.159180,   1.808594,       202
  0.000,0,  -0.021973,   0.164551,   1.682129,       203
  0.000,0,   0.031250,   0.093750,   1.632812,       204
  0.000,0,   0.060059,   0.057129,   1.592773,       205
  0.000,0,   0.078125,   0.064453,   1.668457,       206
  0.000,0,   0.103516,   0.047363,   1.712402,       207
  0.000,0,   0.185059,   0.041992,   1.667969,       208
  0.000,0,   0.182129,   0.084473,   1.699219,       209
  0.000,0,   0.108887,   0.173340,   1.687988,       210
  0.000,0,   0.062500,   0.203613,   1.677734,       211
  0.000,0,   0.033691,   0.147949,   1.651855,       212
  0.000,0,   0.035156,   0.084961,   1.671387,       213
  0.000,0,   0.044434,   0.079102,   1.666504,       214
  0.000,0,   0.064453,   0.155273,   1.727539,       215
  0.000,0,   0.059570,   0.173340,   1.729492,       216
  0.000,0,   0.070312,   0.160645,   1.678711,       217
  0.000,0,   0.077148,   0.124512,   1.725586,       218
  0.000,0,   0.071777,   0.114746,   1.718750,       219
  0.000,0,   0.100586,   0.083008,   1.672852,       220
  0.000,0,   0.126465,   0.065918,   1.646973,       221
  0.000,0,   0.163086,   0.054688,   1.676270,       222
  0.000,0,   0.174316,   0.039551,   1.649902,       223
  0.000,0,   0.208008,   0.059570,   1.635254,       224
  0.000,0,   0.227051,   0.075684,   1.623047,       225
  0.000,0,   0.237305,   0.071777,   1.631348,       226
  0.000,0,   0.241699,   0.084473,   1.596191,       227
  0.000,0,   0.232910,   0.070801,   1.590820,       228
  0.000,0,   0.207520,   0.056152,   1.574219,       229
  0.000,0,   0.183594,   0.049316,   1.623047,       230
  0.000,0,   0.136230,   0.065918,   1.656250,       231
  0.000,0,   0.136719,   0.058105,   1.686523,       232
  0.000,0,   0.137207,   0.065430,   1.679199,       233
  0.000,0,   0.128418,   0.095215,   1.663086,       234
  0.000,0,   0.128906,   0.108887,   1.672363,       235
  0.000,0,   0.147461,   0.117676,   1.643555,       236
  0.000,0,   0.141113,   0.102051,   1.657715,       237
  0.000,0,   0.143555,   0.107422,   1.643066,       238
  0.000,0,   0.152832,   0.116211,   1.637695,       239
  0.000,0,   0.149414,   0.118652,   1.655273,       240
  0.000,0,   0.145020,   0.090332,   1.651855,       241
  0.000,0,   0.121582,   0.104492,   1.648438,       242
  0.000,0,   0.082031,   0.107910,   1.697754,       243
  0.000,0,   0.076660,   0.087402,   1.698242,       244
  0.000,0,   0.063965,   0.088379,   1.700195,       245
  0.000,0,   0.082520,   0.090332,   1.697754,       246
  0.000,0,   0.092773,   0.103516,   1.678711,       247
  0.000,0,   0.109375,   0.105957,   1.661133,       248
  0.000,0,   0.108398,   0.120605,   1.686035,       249
  0.000,0,   0.136230,   0.125977,   1.645020,       250
  0.000,0,   0.125000,   0.129395,   1.670898,       251
  0.000,0,   0.126465,   0.117676,   1.658203,       252
  0.000,0,   0.141113,   0.108887,   1.647949,       253
  0.000,0,   0.145020,   0.086426,   1.638672,       254
  0.000,0,   0.151855,   0.086426,   1.645020,       255
  0.000,0,   0.154785,   0.089355,   1.654297,       256
  0.000,0,   0.111328,   0.089844,   1.696777,       257
  0.000,0,   0.127441,   0.108398,   1.661133,       258
  0.000,0,   0.104492,   0.122559,   1.699707,       259
  0.000,0,   0.145508,   0.133789,   1.651367,       260
  0.000,0,   0.163086,   0.127930,   1.632812,       261
  0.000,0,   0.156738,   0.097168,   1.648438,       262
  0.000,0,   0.126465,   0.070801,   1.637207,       263
  0.000,0,   0.118164,   0.067383,   1.684082,       264
  0.000,0,   0.113281,   0.043457,   1.686035,       265
  0.000,0,   0.123047,   0.049805,   1.684570,       266
  0.000,0,   0.138184,   0.094238,   1.666504,       267
  0.000,0,   0.161133,   0.084961,   1.644531,       268
  0.000,0,   0.189941,   0.115723,   1.624023,       269
  0.000,0,   0.177246,   0.111328,   1.616211,       270
  0.000,0,   0.191895,   0.109375,   1.600098,       271
  0.000,0,   0.137207,   0.079102,   1.671387,       272
  0.000,0,   0.129395,   0.087891,   1.677246,       273
  0.000,0,   0.102051,   0.094238,   1.693359,       274
  0.000,0,   0.097656,   0.082520,   1.678711,       275
  0.000,0,   0.117188,   0.072266,   1.667969,       276
  0.000,0,   0.129395,   0.103516,   1.652832,       277
  0.000,0,   0.116211,   0.110352,   1.656738,       278
  0.000,0,   0.125488,   0.104980,   1.661621,       279
  0.000,0,   0.112305,   0.096680,   1.668945,       280
  0.000,0,   0.119141,   0.102051,   1.672363,       281
  0.000,0,   0.162109,   0.102539,   1.658691,       282
  0.000,0,   0.166992,   0.100098,   1.620605,       283
  0.000,0,   0.163574,   0.088379,   1.657227,       284
  0.000,0,   0.163574,   0.067871,   1.644043,       285
  0.000,0,   0.100586,   0.072266,   1.698730,       286
  0.000,0,   0.113281,   0.079590,   1.649414,       287
  0.000,0,   0.120605,   0.106445,   1.706543,       288
  0.000,0,   0.187012,   0.115723,   1.656250,       289
  0.000,0,   0.169434,   0.140625,   1.642578,       290
  0.000,0,   0.162109,   0.138672,   1.654785,       291
  0.000,0,   0.111816,   0.117676,   1.686523,       292
  0.000,0,   0.092285,   0.103027,   1.646484,       293
  0.000,0,   0.077637,   0.101074,   1.656250,       294
  0.000,0,   0.087891,   0.066895,   1.684570,       295
  0.000,0,   0.102539,   0.073242,   1.699219,       296
  0.000,0,   0.128906,   0.076172,   1.667969,       297
  0.000,0,   0.148926,   0.088379,   1.658203,       298
  0.000,0,   0.164551,   0.098633,   1.642578,       299
  0.000,0,   0.156738,   0.087891,   1.650879,       300
  0.000,0,   0.141602,   0.098633,   1.625977,       301
  0.000,0,   0.145020,   0.099609,   1.654785,       302
  0.000,0,   0.150879,   0.103516,   1.645020,       303
  0.000,0,   0.150391,   0.078125,   1.687988,       304
  0.000,0,   0.154297,   0.084961,   1.655762,       305
  0.000,0,   0.163574,   0.076172,   1.666016,       306
  0.000,0,   0.179688,   0.083008,   1.649902,       307
  0.000,0,   0.151855,   0.089355,   1.638672,       308
  0.000,0,   0.119141,   0.111328,   1.697266,       309
  0.000,0,   0.101562,   0.096191,   1.669922,       310
  0.000,0,   0.083008,   0.083984,   1.666992,       311
  0.000,0,   0.099121,   0.064941,   1.682617,       312
  0.000,0,   0.104492,   0.087891,   1.688965,       313
  0.000,0,   0.132812,   0.122559,   1.676758,       314
  0.000,0,   0.153320,   0.127930,   1.655273,       315
  0.000,0,   0.167969,   0.120605,   1.641602,       316
  0.000,0,   0.183105,   0.118652,   1.651367,       317
  0.000,0,   0.177246,   0.110840,   1.604492,       318
  0.000,0,   0.172852,   0.080566,   1.615234,       319
  0.000,0,   0.168457,   0.073730,   1.636719,       320
  0.000,0,   0.141602,   0.084473,   1.670898,       321
  0.000,0,   0.128418,   0.078613,   1.660645,       322
  0.000,0,   0.107910,   0.063965,   1.684570,       323
  0.000,0,   0.101562,   0.047852,   1.694336,       324
  0.000,0,   0.098145,   0.063965,   1.683105,       325
  0.000,0,   0.105957,   0.081055,   1.675293,       326
  0.000,0,   0.122070,   0.125977,   1.656250,       327
  0.000,0,   0.155762,   0.118652,   1.664062,       328
  0.000,0,   0.176758,   0.121582,   1.633301,       329
  0.000,0,   0.168457,   0.122559,   1.617676,       330
  0.000,0,   0.149902,   0.092285,   1.652832,       331
  0.000,0,   0.140625,   0.073730,   1.665039,       332
  0.000,0,   0.115723,   0.095703,   1.678223,       333
  0.000,0,   0.115723,   0.103027,   1.703125,       334
  0.000,0,   0.111816,   0.078125,   1.702148,       335
  0.000,0,   0.110840,   0.096680,   1.677734,       336
  0.000,0,   0.134277,   0.114746,   1.638184,       337
  0.000,0,   0.136230,   0.128418,   1.646973,       338
  0.000,0,   0.158691,   0.129395,   1.653320,       339
  0.000,0,   0.137695,   0.104492,   1.668945,       340
  0.000,0,   0.147461,   0.071289,   1.660645,       341
  0.000,0,   0.111328,   0.059082,   1.695312,       342
  0.000,0,   0.093750,   0.083008,   1.693359,       343
  0.000,0,   0.121094,   0.064941,   1.669434,       344
  0.000,0,   0.116211,   0.068359,   1.675293,       345
  0.000,0,   0.139648,   0.079590,   1.653320,       346
  0.000,0,   0.147949,   0.105469,   1.636719,       347
  0.000,0,   0.116211,   0.098145,   1.679199,       348
  0.000,0,   0.148438,   0.100586,   1.666504,       349
  0.000,0,   0.122559,   0.092773,   1.666016,       350
  0.000,0,   0.108887,   0.084473,   1.688477,       351
  0.000,0,   0.061035,   0.096680,   1.673828,       352
  0.000,0,   0.057617,   0.156250,   1.713379,       353
  0.000,0,   0.129395,   0.170898,   1.647461,       354
  0.000,0,   0.188477,   0.149902,   1.606934,       355
  0.000,0,   0.192871,   0.095215,   1.750488,       356
  0.000,0,   0.188477,   0.047363,   1.690430,       357
  0.000,0,   0.192871,   0.011719,   1.538086,       358
  0.000,0,   0.187012,  -0.034668,   1.493164,       359
  0.000,0,   0.206055,  -0.018555,   1.604004,       360
  0.000,0,   0.231445,   0.004883,   1.689941,       361
  0.000,0,   0.227051,   0.068848,   1.614746,       362
  0.000,0,   0.212402,   0.176758,   1.583496,       363
  0.000,0,   0.163574,   0.206543,   1.564453,       364
  0.000,0,   0.100586,   0.232910,   1.630371,       365
  0.000,0,   0.075684,   0.182129,   1.719727,       366
  0.000,0,   0.021484,   0.089355,   1.804199,       367
  0.000,0,   0.038086,   0.046875,   1.802734,       368
  0.000,0,   0.003418,   0.039062,   1.793945,       369
  0.000,0,  -0.018555,   0.032227,   1.825195,       370
  0.000,0,   0.035645,   0.037109,   1.722656,       371
  0.000,0,   0.100586,   0.062012,   1.640137,       372
  0.000,0,   0.171387,   0.118164,   1.586914,       373
  0.000,0,   0.220703,   0.192871,   1.584961,       374
  0.000,0,   0.255371,   0.193848,   1.645996,       375
  0.000,0,   0.222656,   0.147461,   1.631348,       376
  0.000,0,   0.185547,   0.091309,   1.661133,       377
  0.000,0,   0.123047,   0.039551,   1.676270,       378
  0.000,0,   0.094727,   0.005371,   1.660645,       379
  0.000,0,   0.096191,  -0.021484,   1.643066,       380
  0.000,0,   0.090820,   0.036133,   1.663086,       381
  0.000,0,   0.120117,   0.062012,   1.706543,       382
  0.000,0,   0.157227,   0.132324,   1.681641,       383
  0.000,0,   0.097168,   0.156738,   1.754883,       384
  0.000,0,   0.129883,   0.200195,   1.604004,       385
  0.000,0,   0.276367,   0.231445,   1.369629,       386
  0.000,0,   0.326172,   0.135254,   1.534668,       387
  0.000,0,   0.340332,  -0.050293,   1.715332,       388
  0.000,0,   0.310547,  -0.181152,   1.628906,       389
  0.000,0,   0.244141,  -0.119629,   1.589844,       390
  0.000,0,   0.227539,  -0.009277,   1.467285,       391
  0.000,0,   0.171387,   0.046387,   1.557129,       392
  0.000,0,   0.119141,   0.073730,   1.666992,       393
  0.000,0,   0.094727,   0.139648,   1.729492,       394
  0.000,0,   0.029785,   0.209961,   1.797363,       395
  0.000,0,  -0.020020,   0.240234,   1.803223,       396
  0.000,0,  -0.049805,   0.237305,   1.852539,       397
  0.000,0,  -0.087402,   0.144043,   1.772949,       398
  0.000,0,  -0.064941,   0.138672,   1.655273,       399
  0.000,0,  -0.031738,   0.246582,   1.618164,       400
  0.000,0,  -0.002930,   0.284180,   1.661133,       401
  0.000,0,   0.026855,   0.257812,   1.734375,       402
  0.000,0,   0.064941,   0.184570,   1.738281,       403
  0.000,0,   0.070312,   0.094238,   1.758789,       404
  0.000,0,   0.072754,   0.047363,   1.770996,       405
  0.000,0,   0.068359,   0.014160,   1.741699,       406
  0.000,0,   0.071777,   0.012695,   1.692383,       407
  0.000,0,   0.099121,   0.003418,   1.668945,       408
  0.000,0,   0.162598,   0.058594,   1.640137,       409
  0.000,0,   0.224609,   0.056641,   1.587402,       410
  0.000,0,   0.322754,   0.099609,   1.602051,       411
  0.000,0,   0.332520,   0.078125,   1.634766,       412
  0.000,0,   0.340332,   0.045898,   1.597656,       413
  0.000,0,   0.354004,   0.002441,   1.521484,       414
  0.000,0,   0.335938,   0.017578,   1.432617,       415
  0.000,0,   0.293457,   0.032227,   1.424316,       416
  0.000,0,   0.255859,   0.010742,   1.567383,       417
  0.000,0,   0.236328,   0.007812,   1.635254,       418
  0.000,0,   0.206543,   0.019043,   1.685547,       419
  0.000,0,   0.191406,   0.073730,   1.652344,       420
  0.000,0,   0.138672,   0.111328,   1.650391,       421
  0.000,0,   0.093750,   0.124512,   1.668945,       422
  0.000,0,   0.063477,   0.116211,   1.736816,       423
  0.000,0,   0.063965,   0.138672,   1.728516,       424
  0.000,0,   0.000977,   0.147461,   1.735840,       425
  0.000,0,  -0.005859,   0.187012,   1.750977,       426
  0.000,0,  -0.019531,   0.179199,   1.738281,       427
  0.000,0,  -0.019531,   0.158203,   1.753906,       428
  0.000,0,   0.018555,   0.143555,   1.738281,       429
  0.000,0,   0.046387,   0.142090,   1.720215,       430
  0.000,0,   0.081055,   0.120605,   1.664551,       431
  0.000,0,   0.120117,   0.109863,   1.678223,       432
  0.000,0,   0.132324,   0.120117,   1.671387,       433
  0.000,0,   0.141113,   0.089844,   1.664551,       434
  0.000,0,   0.150391,   0.119141,   1.656250,       435
  0.000,0,   0.150879,   0.084961,   1.659180,       436
  0.000,0,   0.166992,   0.075195,   1.656250,       437
  0.000,0,   0.153809,   0.066895,   1.679688,       438
  0.000,0,   0.186035,   0.060547,   1.638184,       439
  0.000,0,   0.183594,   0.067383,   1.645508,       440
  0.000,0,   0.174805,   0.069824,   1.640137,       441
  0.000,0,   0.199219,   0.072266,   1.620605,       442
  0.000,0,   0.191406,   0.079590,   1.623535,       443
  0.000,0,   0.214844,   0.070312,   1.605469,       444
  0.000,0,   0.208008,   0.065430,   1.579102,       445
  0.000,0,   0.193848,   0.053711,   1.612793,       446
  0.000,0,   0.185547,   0.055664,   1.631348,       447
  0.000,0,   0.172852,   0.073730,   1.620605,       448
  0.000,0,   0.154297,   0.077148,   1.645508,       449
  0.000,0,   0.115234,   0.094238,   1.693848,       450
  0.000,0,   0.111816,   0.096680,   1.684082,       451
  0.000,0,   0.083984,   0.106445,   1.708984,       452
  0.000,0,   0.077637,   0.128906,   1.677246,       453
  0.000,0,   0.070312,   0.126465,   1.705078,       454
  0.000,0,   0.068848,   0.132324,   1.704102,       455
  0.000,0,   0.071289,   0.133789,   1.683105,       456
  0.000,0,   0.086426,   0.123047,   1.698730,       457
  0.000,0,   0.111816,   0.121094,   1.677246,       458
  0.000,0,   0.115234,   0.110352,   1.695312,       459
  0.000,0,   0.125977,   0.106934,   1.665527,       460
  0.000,0,   0.132812,   0.083496,   1.660645,       461
  0.000,0,   0.138184,   0.093262,   1.661621,       462
  0.000,0,   0.135254,   0.075684,   1.660156,       463
  0.000,0,   0.155273,   0.080566,   1.651367,       464
  0.000,0,   0.169922,   0.070801,   1.638184,       465
  0.000,0,   0.159180,   0.070312,   1.656738,       466
  0.000,0,   0.161133,   0.080078,   1.650391,       467
  0.000,0,   0.173828,   0.077637,   1.642578,       468
  0.000,0,   0.168945,   0.074219,   1.646973,       469
  0.000,0,   0.161621,   0.085449,   1.625977,       470
  0.000,0,   0.151367,   0.087891,   1.642090,       471
  0.000,0,   0.169434,   0.075195,   1.626953,       472
  0.000,0,   0.140625,   0.073242,   1.660645,       473
  0.000,0,   0.151367,   0.089844,   1.665527,       474
  0.000,0,   0.148438,   0.073242,   1.650391,       475
  0.000,0,   0.130371,   0.089355,   1.670898,       476
  0.000,0,   0.127441,   0.096191,   1.678711,       477
  0.000,0,   0.115723,   0.113770,   1.672363,       478
  0.000,0,   0.106934,   0.100098,   1.678223,       479
  0.000,0,   0.118652,   0.112793,   1.670410,       480
  0.000,0,   0.094727,   0.124512,   1.691895,       481
  0.000,0,   0.109863,   0.104004,   1.688477,       482
  0.000,0,   0.113770,   0.106934,   1.682129,       483
  0.000,0,   0.108398,   0.105469,   1.679199,       484
  0.000,0,   0.106934,   0.095703,   1.658203,       485
  0.000,0,   0.130371,   0.089355,   1.671875,       486
  0.000,0,   0.136230,   0.090332,   1.654297,       487
  0.000,0,   0.144043,   0.094727,   1.653320,       488
  0.000,0,   0.157227,   0.103027,   1.662109,       489
  0.000,0,   0.167969,   0.085449,   1.650879,       490
  0.000,0,   0.158691,   0.092285,   1.648438,       491
  0.000,0,   0.159668,   0.079102,   1.662109,       492
  0.000,0,   0.149414,   0.090820,   1.656738,       493
  0.000,0,   0.148438,   0.082520,   1.645020,       494
  0.000,0,   0.154785,   0.093750,   1.654297,       495
  0.000,0,   0.145508,   0.095215,   1.677246,       496
  0.000,0,   0.135254,   0.096680,   1.650879,       497
  0.000,0,   0.132324,   0.091797,   1.651855,       498
  0.000,0,   0.148438,   0.084473,   1.652344,       499
  0.000,0,   0.130371,   0.088379,   1.665527,       500
  0.000,0,   0.119141,   0.095703,   1.670898,       501
  0.000,0,   0.125977,   0.114258,   1.658691,       502
  0.000,0,   0.124023,   0.087891,   1.659668,       503
  0.000,0,   0.119141,   0.094238,   1.669434,       504
  0.000,0,   0.126465,   0.109375,   1.673340,       505
  0.000,0,   0.125488,   0.109863,   1.664551,       506
  0.000,0,   0.125488,   0.100098,   1.677734,       507
  0.000,0,   0.115723,   0.098145,   1.665527,       508
  0.000,0,   0.126465,   0.099609,   1.661133,       509
  0.000,0,   0.135254,   0.095215,   1.660645,       510
  0.000,0,   0.132324,   0.100586,   1.670410,       511
  0.000,0,   0.142090,   0.098145,   1.648926,       512
  0.000,0,   0.143555,   0.101562,   1.665039,       513
  0.000,0,   0.154785,   0.081543,   1.670898,       514
  0.000,0,   0.154785,   0.099609,   1.649902,       515
  0.000,0,   0.154297,   0.083984,   1.673828,       516
  0.000,0,   0.138184,   0.088379,   1.663086,       517
  0.000,0,   0.152832,   0.083984,   1.658203,       518
  0.000,0,   0.156250,   0.095215,   1.656250,       519
  0.000,0,   0.152832,   0.083496,   1.681152,       520
  0.000,0,   0.140625,   0.085449,   1.672363,       521
  0.000,0,   0.139648,   0.081543,   1.645508,       522
  0.000,0,   0.139160,   0.096680,   1.649414,       523
  0.000,0,   0.131836,   0.093262,   1.666016,       524
  0.000,0,   0.144043,   0.089355,   1.660645,       525
  0.000,0,   0.144043,   0.093262,   1.646484,       526
  0.000,0,   0.118652,   0.087891,   1.666016,       527
  0.000,0,   0.137207,   0.104980,   1.655273,       528
  0.000,0,   0.132324,   0.096680,   1.645508,       529
  0.000,0,   0.124512,   0.104492,   1.659668,       530
  0.000,0,   0.134766,   0.105469,   1.672363,       531
  0.000,0,   0.118652,   0.093262,   1.641602,       532
  0.000,0,   0.123047,   0.089844,   1.662109,       533
  0.000,0,   0.149902,   0.092285,   1.666504,       534
  0.000,0,   0.136230,   0.082520,   1.676758,       535
  0.000,0,   0.140137,   0.103027,   1.671387,       536
  0.000,0,   0.142578,   0.091309,   1.656738,       537
  0.000,0,   0.157227,   0.085938,   1.645020,       538
  0.000,0,   0.141113,   0.081055,   1.668945,       539
  0.000,0,   0.147461,   0.093750,   1.656738,       540
  0.000,0,   0.135742,   0.086914,   1.648438,       541
  0.000,0,   0.140625,   0.101562,   1.659180,       542
  0.000,0,   0.136719,   0.095215,   1.660156,       543
  0.000,0,   0.129395,   0.106934,   1.669922,       544
  0.000,0,   0.137207,   0.088867,   1.652344,       545
  0.000,0,   0.124512,   0.086426,   1.674316,       546
  0.000,0,   0.120605,   0.104492,   1.678223,       547
  0.000,0,   0.124512,   0.084473,   1.657715,       548
  0.000,0,   0.133301,   0.091309,   1.665527,       549
  0.000,0,   0.132324,   0.108887,   1.656738,       550
  0.000,0,   0.134277,   0.097168,   1.657715,       551
  0.000,0,   0.142090,   0.085449,   1.674316,       552
  0.000,0,   0.143066,   0.104980,   1.665527,       553
  0.000,0,   0.136719,   0.103516,   1.664062,       554
  0.000,0,   0.146973,   0.095215,   1.662598,       555
  0.000,0,   0.129883,   0.095215,   1.641602,       556
  0.000,0,   0.119141,   0.087402,   1.679688,       557
  0.000,0,   0.147949,   0.100098,   1.653809,       558
  0.000,0,   0.145020,   0.089355,   1.661133,       559
  0.000,0,   0.142578,   0.092285,   1.673340,       560
  0.000,0,   0.135254,   0.098145,   1.660156,       561
  0.000,0,   0.151367,   0.105469,   1.657715,       562
  0.000,0,   0.154785,   0.078613,   1.666504,       563
  0.000,0,   0.131348,   0.092773,   1.652344,       564
  0.000,0,   0.136230,   0.087891,   1.655273,       565
  0.000,0,   0.129883,   0.091797,   1.669434,       566
  0.000,0,   0.133789,   0.090820,   1.671387,       567
  0.000,0,   0.116699,   0.098145,   1.666992,       568
  0.000,0,   0.125488,   0.089844,   1.661133,       569
  0.000,0,   0.143555,   0.087891,   1.654297,       570
  0.000,0,   0.119629,   0.089844,   1.676270,       571
  0.000,0,   0.135254,   0.094727,   1.667969,       572
  0.000,0,   0.145508,   0.096191,   1.660645,       573
  0.000,0,   0.138672,   0.086914,   1.674316,       574
  0.000,0,   0.134277,   0.094238,   1.661621,       575
  0.000,0,   0.119141,   0.087891,   1.662109,       576
  0.000,0,   0.131348,   0.098633,   1.671875,       577
  0.000,0,   0.142090,   0.083984,   1.653809,       578
  0.000,0,   0.127441,   0.099609,   1.667969,       579
  0.000,0,   0.129395,   0.093750,   1.663086,       580
  0.000,0,   0.146484,   0.086914,   1.664062,       581
  0.000,0,   0.142090,   0.092285,   1.659668,       582
  0.000,0,   0.140137,   0.099121,   1.650391,       583
  0.000,0,   0.141113,   0.083984,   1.642578,       584
  0.000,0,   0.134766,   0.086914,   1.651855,       585
  0.000,0,   0.128906,   0.104492,   1.653809,       586
  0.000,0,   0.140625,   0.099121,   1.678223,       587
  0.000,0,   0.136230,   0.081055,   1.653320,       588
  0.000,0,   0.138184,   0.092773,   1.682129,       589
  0.000,0,   0.131348,   0.106934,   1.658203,       590
  0.000,0,   0.138184,   0.103027,   1.667480,       591
  0.000,0,   0.134766,   0.092285,   1.652344,       592
  0.000,0,   0.148926,   0.096680,   1.648438,       593
  0.000,0,   0.141113,   0.108887,   1.661621,       594
  0.000,0,   0.146484,   0.093750,   1.676758,       595
  0.000,0,   0.134277,   0.091309,   1.673340,       596
  0.000,0,   0.137207,   0.106445,   1.651855,       597
  0.000,0,   0.121094,   0.095703,   1.669434,       598
  0.000,0,   0.145508,   0.102539,   1.672363,       599
  0.000,0,   0.136719,   0.091797,   1.651855,       600
  0.000,0,   0.142090,   0.095703,   1.661133,       601
  0.000,0,   0.126465,   0.095703,   1.666016,       602
  0.000,0,   0.136719,   0.093262,   1.661133,       603
  0.000,0,   0.145508,   0.098633,   1.664551,       604
  0.000,0,   0.141602,   0.088379,   1.658203,       605
  0.000,0,   0.133301,   0.097168,   1.667969,       606
  0.000,0,   0.128418,   0.101074,   1.671875,       607
  0.000,0,   0.145508,   0.086914,   1.655273,       608
  0.000,0,   0.125000,   0.093262,   1.646973,       609
  0.000,0,   0.139160,   0.095703,   1.666504,       610
  0.000,0,   0.131348,   0.098633,   1.678223,       611
  0.000,0,   0.138184,   0.094727,   1.638184,       612
  0.000,0,   0.137695,   0.087402,   1.669922,       613
  0.000,0,   0.142578,   0.099121,   1.677246,       614
  0.000,0,   0.136719,   0.095215,   1.656738,       615
  0.000,0,   0.136719,   0.084961,   1.655762,       616
  0.000,0,   0.136230,   0.102051,   1.659180,       617
  0.000,0,   0.140137,   0.086426,   1.666992,       618
  0.000,0,   0.144531,   0.095215,   1.635254,       619
  0.000,0,   0.124023,   0.094727,   1.654297,       620
  0.000,0,   0.137207,   0.101074,   1.652344,       621
  0.000,0,   0.141602,   0.107910,   1.676270,       622
  0.000,0,   0.145508,   0.092285,   1.664062,       623
  0.000,0,   0.122070,   0.088379,   1.666504,       624
  0.000,0,   0.137207,   0.096191,   1.666992,       625
  0.000,0,   0.132324,   0.091309,   1.684082,       626
  0.000,0,   0.157227,   0.084473,   1.654785,       627
  0.000,0,   0.134766,   0.084473,   1.660645,       628
  0.000,0,   0.133301,   0.093262,   1.666016,       629
  0.000,0,   0.134277,   0.085938,   1.647949,       630
  0.000,0,   0.135254,   0.093750,   1.648926,       631
  0.000,0,   0.134766,   0.092773,   1.662109,       632
  0.000,0,   0.126953,   0.091309,   1.660156,       633
  0.000,0,   0.137207,   0.099609,   1.670410,       634
  0.000,0,   0.129395,   0.084473,   1.646973,       635
  0.000,0,   0.137207,   0.087402,   1.667480,       636
  0.000,0,   0.139648,   0.093262,   1.678711,       637
  0.000,0,   0.131348,   0.103516,   1.639160,       638
  0.000,0,   0.142090,   0.094727,   1.671387,       639
  0.000,0,   0.137695,   0.092773,   1.675293,       640
  0.000,0,   0.120117,   0.098145,   1.667480,       641
  0.000,0,   0.129395,   0.101562,   1.656250,       642
  0.000,0,   0.135254,   0.095703,   1.660156,       643
  0.000,0,   0.138184,   0.086914,   1.683594,       644
  0.000,0,   0.142578,   0.087891,   1.666992,       645
  0.000,0,   0.127441,   0.078125,   1.647949,       646
  0.000,0,   0.133789,   0.092773,   1.664551,       647
  0.000,0,   0.129395,   0.083008,   1.660156,       648
  0.000,0,   0.144043,   0.100098,   1.650391,       649
  0.000,0,   0.144531,   0.085938,   1.672363,       650
  0.000,0,   0.128418,   0.092773,   1.665039,       651
  0.000,0,   0.142090,   0.087891,   1.661621,       652
  0.000,0,   0.132324,   0.085449,   1.663086,       653
  0.000,0,   0.140625,   0.086426,   1.661621,       654
  0.000,0,   0.128418,   0.091309,   1.651855,       655
  0.000,0,   0.143555,   0.104004,   1.672852,       656
  0.000,0,   0.133301,   0.089355,   1.640137,       657
  0.000,0,   0.127441,   0.084473,   1.668945,       658
  0.000,0,   0.138184,   0.094238,   1.655273,       659
  0.000,0,   0.132812,   0.098145,   1.673828,       660
  0.000,0,   0.140625,   0.094238,   1.661621,       661
  0.000,0,   0.132324,   0.086914,   1.676758,       662
  0.000,0,   0.135254,   0.102051,   1.680176,       663
  0.000,0,   0.144043,   0.094727,   1.636230,       664
  0.000,0,   0.138184,   0.088379,   1.688965,       665
  0.000,0,   0.134766,   0.095215,   1.647461,       666
  0.000,0,   0.137695,   0.098633,   1.660156,       667
  0.000,0,   0.140625,   0.096680,   1.661621,       668
  0.000,0,   0.140625,   0.104980,   1.655762,       669
  0.000,0,   0.142578,   0.093750,   1.669922,       670
  0.000,0,   0.145508,   0.090820,   1.642090,       671
  0.000,0,   0.140137,   0.087891,   1.668457,       672
  0.000,0,   0.135254,   0.099121,   1.675781,       673
  0.000,0,   0.125977,   0.105957,   1.666992,       674
  0.000,0,   0.146973,   0.090332,   1.662109,       675
  0.000,0,   0.144531,   0.084473,   1.658691,       676
  0.000,0,   0.141602,   0.108887,   1.672363,       677
  0.000,0,   0.143066,   0.098633,   1.676270,       678
  0.000,0,   0.128418,   0.073242,   1.672852,       679
  0.000,0,   0.137695,   0.098145,   1.665039,       680
  0.000,0,   0.133301,   0.105469,   1.671875,       681
  0.000,0,   0.127930,   0.094727,   1.669434,       682
  0.000,0,   0.138184,   0.078613,   1.661621,       683
  0.000,0,   0.137207,   0.088867,   1.665039,       684
  0.000,0,   0.135742,   0.102539,   1.663574,       685
  0.000,0,   0.137207,   0.084961,   1.655762,       686
  0.000,0,   0.138184,   0.096680,   1.657715,       687
  0.000,0,   0.133301,   0.104492,   1.660156,       688
  0.000,0,   0.132324,   0.095215,   1.661133,       689
  0.000,0,   0.147461,   0.103027,   1.662598,       690
  0.000,0,   0.137695,   0.084473,   1.652344,       691
  0.000,0,   0.148438,   0.100098,   1.662109,       692
  0.000,0,   0.145020,   0.093750,   1.681641,       693
  0.000,0,   0.123535,   0.099121,   1.658203,       694
  0.000,0,   0.133301,   0.099609,   1.660156,       695
  0.000,0,   0.141602,   0.100586,   1.651855,       696
  0.000,0,   0.122559,   0.099121,   1.668457,       697
  0.000,0,   0.136719,   0.094238,   1.671875,       698
  0.000,0,   0.128418,   0.085938,   1.666016,       699
  0.000,0,   0.139648,   0.085449,   1.667969,       700
  0.000,0,   0.136719,   0.105957,   1.659668,       701
  0.000,0,   0.141602,   0.114746,   1.688477,       702
  0.000,0,   0.148438,   0.088379,   1.662598,       703
  0.000,0,   0.124512,   0.095703,   1.663574,       704
  0.000,0,   0.130859,   0.100098,   1.669922,       705
  0.000,0,   0.139648,   0.090332,   1.666992,       706
  0.000,0,   0.133789,   0.087402,   1.668457,       707
  0.000,0,   0.142090,   0.093750,   1.673340,       708
  0.000,0,   0.139648,   0.095215,   1.665527,       709
  0.000,0,   0.124512,   0.098633,   1.669922,       710
  0.000,0,   0.154785,   0.091797,   1.662109,       711
  0.000,0,   0.133301,   0.100586,   1.654297,       712
  0.000,0,   0.135254,   0.094238,   1.665527,       713
  0.000,0,   0.130371,   0.094238,   1.656738,       714
  0.000,0,   0.134277,   0.091309,   1.659180,       715
  0.000,0,   0.136230,   0.092285,   1.674805,       716
  0.000,0,   0.122070,   0.095703,   1.686523,       717
  0.000,0,   0.137695,   0.095215,   1.642578,       718
  0.000,0,   0.133789,   0.097656,   1.665527,       719
  0.000,0,   0.127441,   0.104980,   1.661133,       720
  0.000,0,   0.144531,   0.087891,   1.663086,       721
  0.000,0,   0.143555,   0.093262,   1.663574,       722
  0.000,0,   0.147461,   0.098633,   1.636719,       723
  0.000,0,   0.131348,   0.089844,   1.656250,       724
  0.000,0,   0.138184,   0.092773,   1.651367,       725
  0.000,0,   0.136719,   0.089844,   1.658691,       726
  0.000,0,   0.139648,   0.095215,   1.658691,       727
  0.000,0,   0.132812,   0.098145,   1.661621,       728
  0.000,0,   0.146973,   0.093750,   1.669434,       729
  0.000,0,   0.133301,   0.093262,   1.660156,       730
  0.000,0,   0.139160,   0.091309,   1.651367,       731
  0.000,0,   0.132812,   0.097656,   1.685059,       732
  0.000,0,   0.139648,   0.102051,   1.675293,       733
  0.000,0,   0.131836,   0.095703,   1.673340,       734
  0.000,0,   0.135742,   0.096191,   1.673340,       735
  0.000,0,   0.139648,   0.097168,   1.659668,       736
  0.000,0,   0.145020,   0.083496,   1.644043,       737
  0.000,0,   0.133301,   0.094727,   1.661621,       738
  0.000,0,   0.145020,   0.097168,   1.668457,       739
  0.000,0,   0.135254,   0.089844,   1.666992,       740
  0.000,0,   0.144043,   0.095703,   1.668945,       741
  0.000,0,   0.129395,   0.083984,   1.669434,       742
  0.000,0,   0.132812,   0.095215,   1.646973,       743
  0.000,0,   0.141602,   0.086426,   1.661133,       744
  0.000,0,   0.133301,   0.093750,   1.655273,       745
  0.000,0,   0.137695,   0.089844,   1.645020,       746
  0.000,0,   0.130371,   0.095703,   1.672852,       747
  0.000,0,   0.129883,   0.103027,   1.666504,       748
  0.000,0,   0.139648,   0.091797,   1.665039,       749
  0.000,0,   0.135254,   0.095215,   1.668457,       750
  0.000,0,   0.143066,   0.088379,   1.650879,       751
  0.000,0,   0.136719,   0.087891,   1.684570,       752
  0.000,0,   0.139160,   0.087402,   1.669922,       753
  0.000,0,   0.120117,   0.087402,   1.688477,       754
  0.000,0,   0.148438,   0.089355,   1.661133,       755
  0.000,0,   0.132812,   0.083496,   1.676758,       756
  0.000,0,   0.141113,   0.089355,   1.658203,       757
  0.000,0,   0.135742,   0.095215,   1.671387,       758
  0.000,0,   0.144043,   0.095215,   1.660645,       759
  0.000,0,   0.134766,   0.079102,   1.674805,       760
  0.000,0,   0.139648,   0.100098,   1.668457,       761
  0.000,0,   0.138184,   0.086426,   1.674316,       762
  0.000,0,   0.143066,   0.103516,   1.669434,       763
  0.000,0,   0.117188,   0.090820,   1.673828,       764
  0.000,0,   0.130371,   0.088379,   1.667480,       765
  0.000,0,   0.136719,   0.092773,   1.661133,       766
  0.000,0,   0.135742,   0.087891,   1.651367,       767
  0.000,0,   0.136719,   0.096680,   1.661133,       768
  0.000,0,   0.130859,   0.093262,   1.661621,       769
  0.000,0,   0.139160,   0.092773,   1.660156,       770
  0.000,0,   0.133789,   0.102539,   1.670410,       771
  0.000,0,   0.133301,   0.097656,   1.666992,       772
  0.000,0,   0.135254,   0.093262,   1.652344,       773
  0.000,0,   0.132324,   0.077637,   1.657227,       774
  0.000,0,   0.129883,   0.098633,   1.653809,       775
  0.000,0,   0.145996,   0.103516,   1.679199,       776
  0.000,0,   0.134277,   0.090332,   1.658203,       777
  0.000,0,   0.146484,   0.080566,   1.666992,       778
  0.000,0,   0.139160,   0.091309,   1.665039,       779
  0.000,0,   0.148438,   0.078125,   1.661133,       780
  0.000,0,   0.145020,   0.094727,   1.673828,       781
  0.000,0,   0.129395,   0.102051,   1.641602,       782
  0.000,0,   0.141113,   0.088867,   1.674805,       783
  0.000,0,   0.126953,   0.095703,   1.667480,       784
  0.000,0,   0.140625,   0.093262,   1.664551,       785
  0.000,0,   0.129883,   0.100586,   1.672852,       786
  0.000,0,   0.137695,   0.100098,   1.667480,       787
  0.000,0,   0.143066,   0.094727,   1.675293,       788
  0.000,0,   0.135254,   0.092285,   1.655762,       789
  0.000,0,   0.131348,   0.091309,   1.677246,       790
  0.000,0,   0.138184,   0.084473,   1.672852,       791
  0.000,0,   0.125488,   0.098145,   1.672363,       792
  0.000,0,   0.151855,   0.093262,   1.646973,       793
  0.000,0,   0.141113,   0.090820,   1.660645,       794
  0.000,0,   0.139160,   0.090820,   1.676270,       795
  0.000,0,   0.142090,   0.085449,   1.655762,       796
  0.000,0,   0.138184,   0.101074,   1.645996,       797
  0.000,0,   0.140137,   0.089355,   1.673828,       798
  0.000,0,   0.133301,   0.097168,   1.649902,       799
  0.000,0,   0.140625,   0.096680,   1.643066,       800
  0.000,0,   0.135254,   0.097168,   1.684082,       801
  0.000,0,   0.133789,   0.099121,   1.656738,       802
  0.000,0,   0.130371,   0.102051,   1.674805,       803
  0.000,0,   0.141113,   0.089355,   1.661133,       804
  0.000,0,   0.139648,   0.069336,   1.653320,       805
  0.000,0,   0.133789,   0.087891,   1.675781,       806
  0.000,0,   0.133789,   0.092285,   1.652344,       807
  0.000,0,   0.130371,   0.096680,   1.665039,       808
  0.000,0,   0.136230,   0.089844,   1.676758,       809
  0.000,0,   0.132812,   0.092285,   1.672852,       810
  0.000,0,   0.132812,   0.100586,   1.658691,       811
  0.000,0,   0.135742,   0.091309,   1.667969,       812
  0.000,0,   0.142090,   0.095215,   1.665527,       813
  0.000,0,   0.128906,   0.094727,   1.654297,       814
  0.000,0,   0.138184,   0.089844,   1.662598,       815
  0.000,0,   0.134277,   0.095215,   1.661621,       816
  0.000,0,   0.139160,   0.096680,   1.658691,       817
  0.000,0,   0.141113,   0.099609,   1.663086,       818
  0.000,0,   0.133789,   0.096191,   1.661133,       819
  0.000,0,   0.145508,   0.091797,   1.666504,       820
  0.000,0,   0.140137,   0.087891,   1.664551,       821
  0.000,0,   0.144531,   0.073242,   1.654297,       822
  0.000,0,   0.129883,   0.097168,   1.659180,       823
  0.000,0,   0.139648,   0.087402,   1.648438,       824
  0.000,0,   0.131348,   0.103516,   1.674805,       825
  0.000,0,   0.132812,   0.096680,   1.659668,       826
  0.000,0,   0.137207,   0.093262,   1.680176,       827
  0.000,0,   0.139160,   0.098145,   1.664062,       828
  0.000,0,   0.136719,   0.104004,   1.635254,       829
  0.000,0,   0.132812,   0.093262,   1.672363,       830
  0.000,0,   0.133789,   0.100098,   1.662598,       831
  0.000,0,   0.139648,   0.092285,   1.664551,       832
  0.000,0,   0.130371,   0.087402,   1.660645,       833
  0.000,0,   0.139648,   0.094238,   1.663574,       834
  0.000,0,   0.134766,   0.098633,   1.649902,       835
  0.000,0,   0.154297,   0.096680,   1.652832,       836
  0.000,0,   0.133789,   0.091797,   1.669922,       837
  0.000,0,   0.136719,   0.085938,   1.659668,       838
  0.000,0,   0.137695,   0.091309,   1.653809,       839
  0.000,0,   0.124512,   0.090820,   1.663574,       840
  0.000,0,   0.119141,   0.103516,   1.656738,       841
  0.000,0,   0.141113,   0.110352,   1.648438,       842
  0.000,0,   0.139160,   0.086426,   1.655273,       843
  0.000,0,   0.143555,   0.091797,   1.664551,       844
  0.000,0,   0.141602,   0.098633,   1.673828,       845
  0.000,0,   0.140137,   0.094238,   1.642090,       846
  0.000,0,   0.145020,   0.080566,   1.666992,       847
  0.000,0,   0.143555,   0.091797,   1.687012,       848
  0.000,0,   0.145020,   0.105469,   1.660645,       849
  0.000,0,   0.139648,   0.086914,   1.667480,       850
  0.000,0,   0.135742,   0.091309,   1.653320,       851
  0.000,0,   0.138672,   0.087891,   1.685059,       852
  0.000,0,   0.145020,   0.097656,   1.650879,       853
  0.000,0,   0.136230,   0.084473,   1.661133,       854
  0.000,0,   0.125000,   0.088867,   1.650391,       855
  0.000,0,   0.137207,   0.097168,   1.663574,       856
  0.000,0,   0.147461,   0.094727,   1.655273,       857
  0.000,0,   0.141113,   0.085938,   1.666992,       858
  0.000,0,   0.148438,   0.092773,   1.680664,       859
  0.000,0,   0.137695,   0.094727,   1.669434,       860
  0.000,0,   0.142090,   0.087891,   1.667969,       861
  0.000,0,   0.141113,   0.092285,   1.678223,       862
  0.000,0,   0.134277,   0.092285,   1.657715,       863
  0.000,0,   0.138672,   0.108887,   1.673828,       864
  0.000,0,   0.133301,   0.096191,   1.649414,       865
  0.000,0,   0.132324,   0.097168,   1.655762,       866
  0.000,0,   0.135254,   0.096680,   1.668457,       867
  0.000,0,   0.143555,   0.087402,   1.643066,       868
  0.000,0,   0.136719,   0.104492,   1.666504,       869
  0.000,0,   0.144043,   0.103516,   1.666504,       870
  0.000,0,   0.130371,   0.107910,   1.662109,       871
  0.000,0,   0.135254,   0.082520,   1.669434,       872
  0.000,0,   0.147949,   0.089355,   1.645020,       873
  0.000,0,   0.135254,   0.110352,   1.675781,       874
  0.000,0,   0.131348,   0.100586,   1.670410,       875
  0.000,0,   0.134277,   0.090820,   1.645508,       876
  0.000,0,   0.150391,   0.094238,   1.676270,       877
  0.000,0,   0.137695,   0.091797,   1.660645,       878
  0.000,0,   0.129883,   0.091309,   1.652344,       879
  0.000,0,   0.142090,   0.090332,   1.635254,       880
  0.000,0,   0.133301,   0.102539,   1.661621,       881
  0.000,0,   0.127441,   0.103516,   1.679688,       882
  0.000,0,   0.137695,   0.099121,   1.659180,       883
  0.000,0,   0.126465,   0.091797,   1.656250,       884
  0.000,0,   0.141113,   0.111816,   1.669922,       885
  0.000,0,   0.125000,   0.101562,   1.667969,       886
  0.000,0,   0.140625,   0.089355,   1.657227,       887
  0.000,0,   0.125488,   0.096191,   1.651367,       888
  0.000,0,   0.133789,   0.099121,   1.663086,       889
  0.000,0,   0.138672,   0.093262,   1.676270,       890
  0.000,0,   0.130371,   0.083984,   1.656250,       891
  0.000,0,   0.134766,   0.102539,   1.662598,       892
  0.000,0,   0.129883,   0.096680,   1.658691,       893
  0.000,0,   0.133301,   0.101074,   1.660156,       894
  0.000,0,   0.129883,   0.081055,   1.640137,       895
  0.000,0,   0.142578,   0.100098,   1.659180,       896
  0.000,0,   0.138184,   0.086914,   1.663574,       897
  0.000,0,   0.128906,   0.103516,   1.649414,       898
  0.000,0,   0.133301,   0.096191,   1.654785,       899
  0.000,0,   0.128418,   0.109863,   1.648926,       900
  0.000,0,   0.132324,   0.072266,   1.647949,       901
  0.000,0,   0.132324,   0.098145,   1.647461,       902
  0.000,0,   0.132812,   0.101562,   1.664062,       903
  0.000,0,   0.137207,   0.107422,   1.666016,       904
  0.000,0,   0.135254,   0.102539,   1.677246,       905
  0.000,0,   0.133301,   0.095215,   1.684082,       906
  0.000,0,   0.123047,   0.092285,   1.676758,       907
  0.000,0,   0.137695,   0.090820,   1.652832,       908
  0.000,0,   0.132812,   0.105957,   1.663574,       909
  0.000,0,   0.143555,   0.092285,   1.672363,       910
  0.000,0,   0.128418,   0.095215,   1.665039,       911
  0.000,0,   0.132812,   0.096680,   1.665039,       912
  0.000,0,   0.124512,   0.105469,   1.687012,       913
  0.000,0,   0.133789,   0.092773,   1.671875,       914
  0.000,0,   0.142090,   0.098145,   1.666992,       915
  0.000,0,   0.150391,   0.081543,   1.672852,       916
  0.000,0,   0.137207,   0.090332,   1.644531,       917
  0.000,0,   0.141113,   0.085449,   1.673340,       918
  0.000,0,   0.145508,   0.078613,   1.640625,       919
  0.000,0,   0.133789,   0.086914,   1.662598,       920
  0.000,0,   0.145996,   0.112305,   1.653809,       921
  0.000,0,   0.146973,   0.092773,   1.650391,       922
  0.000,0,   0.130371,   0.103516,   1.657227,       923
  0.000,0,   0.126465,   0.120117,   1.666504,       924
  0.000,0,   0.130371,   0.090820,   1.656738,       925
  0.000,0,   0.128418,   0.092773,   1.665039,       926
  0.000,0,   0.139160,   0.086426,   1.655273,       927
  0.000,0,   0.146484,   0.079590,   1.670410,       928
  0.000,0,   0.131836,   0.065918,   1.665039,       929
  0.000,0,   0.142090,   0.084473,   1.653320,       930
  0.000,0,   0.157715,   0.093262,   1.651855,       931
  0.000,0,   0.141113,   0.088867,   1.661133,       932
  0.000,0,   0.141602,   0.101562,   1.645996,       933
  0.000,0,   0.131348,   0.101074,   1.661133,       934
  0.000,0,   0.144531,   0.100586,   1.647461,       935
  0.000,0,   0.134277,   0.095215,   1.674805,       936
  0.000,0,   0.143555,   0.087891,   1.676758,       937
  0.000,0,   0.128906,   0.092773,   1.671387,       938
  0.000,0,   0.121094,   0.092773,   1.679199,       939
  0.000,0,   0.131348,   0.093750,   1.671875,       940
  0.000,0,   0.127930,   0.110352,   1.669434,       941
  0.000,0,   0.133789,   0.104980,   1.642090,       942
  0.000,0,   0.146973,   0.095215,   1.654297,       943
  0.000,0,   0.154297,   0.097656,   1.663574,       944
  0.000,0,   0.135254,   0.074707,   1.672852,       945
  0.000,0,   0.152344,   0.071289,   1.671387,       946
  0.000,0,   0.143555,   0.063477,   1.655762,       947
  0.000,0,   0.149414,   0.079590,   1.655762,       948
  0.000,0,   0.142090,   0.083984,   1.650879,       949
  0.000,0,   0.121094,   0.102539,   1.650879,       950
  0.000,0,   0.132324,   0.114746,   1.664551,       951
  0.000,0,   0.136719,   0.096680,   1.656738,       952
  0.000,0,   0.127930,   0.104980,   1.672363,       953
  0.000,0,   0.131348,   0.089844,   1.670898,       954
  0.000,0,   0.130859,   0.081543,   1.670898,       955
  0.000,0,   0.138672,   0.091309,   1.667969,       956
  0.000,0,   0.123535,   0.068848,   1.668945,       957
  0.000,0,   0.140625,   0.100098,   1.671387,       958
  0.000,0,   0.132812,   0.096680,   1.661133,       959
  0.000,0,   0.143555,   0.114258,   1.671387,       960
  0.000,0,   0.142578,   0.109863,   1.638184,       961
  0.000,0,   0.137695,   0.103027,   1.645996,       962
  0.000,0,   0.141113,   0.075684,   1.649902,       963
  0.000,0,   0.132812,   0.082031,   1.660156,       964
  0.000,0,   0.138184,   0.072754,   1.670410,       965
  0.000,0,   0.129883,   0.083008,   1.666992,       966
  0.000,0,   0.140625,   0.082031,   1.664551,       967
  0.000,0,   0.131348,   0.099609,   1.666992,       968
  0.000,0,   0.126953,   0.112305,   1.655273,       969
  0.000,0,   0.137695,   0.109375,   1.675781,       970
  0.000,0,   0.140137,   0.101562,   1.676270,       971
  0.000,0,   0.124512,   0.102539,   1.666504,       972
  0.000,0,   0.135742,   0.101074,   1.651367,       973
  0.000,0,   0.138184,   0.086426,   1.680664,       974
  0.000,0,   0.131348,   0.093750,   1.671875,       975
  0.000,0,   0.132324,   0.105469,   1.677734,       976
  0.000,0,   0.163574,   0.099609,   1.631348,       977
  0.000,0,   0.150391,   0.084961,   1.647949,       978
  0.000,0,   0.140625,   0.102051,   1.661621,       979
  0.000,0,   0.139648,   0.101074,   1.659668,       980
  0.000,0,   0.130371,   0.094727,   1.665527,       981
  0.000,0,   0.136719,   0.098633,   1.654297,       982
  0.000,0,   0.129395,   0.088867,   1.674805,       983
  0.000,0,   0.130371,   0.097168,   1.678711,       984
  0.000,0,   0.134277,   0.089355,   1.668457,       985
  0.000,0,   0.141602,   0.098633,   1.664551,       986
  0.000,0,   0.138672,   0.098145,   1.658691,       987
  0.000,0,   0.144531,   0.102051,   1.642090,       988
  0.000,0,   0.143555,   0.096191,   1.665039,       989
  0.000,0,   0.149414,   0.103516,   1.648926,       990
  0.000,0,   0.143066,   0.094727,   1.668457,       991
  0.000,0,   0.136719,   0.093262,   1.678711,       992
  0.000,0,   0.139648,   0.099121,   1.674316,       993
  0.000,0,   0.125488,   0.096680,   1.659180,       994
  0.000,0,   0.133789,   0.082031,   1.677734,       995
  0.000,0,   0.136719,   0.108887,   1.665527,       996
  0.000,0,   0.145996,   0.087402,   1.684570,       997
  0.000,0,   0.150879,   0.118164,   1.645996,       998
  0.000,0,   0.133789,   0.093750,   1.659180,       999
  0.000,0,   0.148438,   0.081055,   1.660156,      1000
  0.000,0,   0.136230,   0.101562,   1.652832,      1001
  0.000,0,   0.149902,   0.085938,   1.642090,      1002
  0.000,0,   0.147461,   0.092285,   1.658203,      1003
  0.000,0,   0.145508,   0.103516,   1.673340,      1004
  0.000,0,   0.142578,   0.086426,   1.676270,      1005
  0.000,0,   0.131836,   0.084473,   1.681641,      1006
  0.000,0,   0.125000,   0.098145,   1.666992,      1007
  0.000,0,   0.135254,   0.105469,   1.663574,      1008
  0.000,0,   0.127441,   0.103027,   1.652344,      1009
  0.000,0,   0.142090,   0.103027,   1.654785,      1010
  0.000,0,   0.134766,   0.099121,   1.680176,      1011
  0.000,0,   0.136230,   0.097656,   1.645020,      1012
  0.000,0,   0.145508,   0.104004,   1.646973,      1013
  0.000,0,   0.133301,   0.082031,   1.669434,      1014
  0.000,0,   0.148926,   0.097656,   1.668945,      1015
  0.000,0,   0.127441,   0.094727,   1.624023,      1016
  0.000,0,   0.153320,   0.092285,   1.656250,      1017
  0.000,0,   0.137695,   0.090332,   1.649414,      1018
  0.000,0,   0.136719,   0.082520,   1.668945,      1019
  0.000,0,   0.131348,   0.084961,   1.657715,      1020
  0.000,0,   0.136230,   0.104004,   1.660645,      1021
  0.000,0,   0.132324,   0.083496,   1.681152,      1022
  0.000,0,   0.127441,   0.088379,   1.674316,      1023
  0.000,0,   0.131836,   0.079590,   1.673828,      1024
  0.000,0,   0.115723,   0.089844,   1.638672,      1025
  0.000,0,   0.133301,   0.094238,   1.657715,      1026
  0.000,0,   0.133789,   0.118164,   1.677734,      1027
  0.000,0,   0.146973,   0.110352,   1.666992,      1028
  0.000,0,   0.135742,   0.110840,   1.657715,      1029
  0.000,0,   0.132812,   0.100586,   1.662109,      1030
  0.000,0,   0.132812,   0.101562,   1.674316,      1031
  0.000,0,   0.132324,   0.090820,   1.683105,      1032
  0.000,0,   0.137695,   0.079590,   1.678223,      1033
  0.000,0,   0.143555,   0.089844,   1.666504,      1034
  0.000,0,   0.136719,   0.081543,   1.647461,      1035
  0.000,0,   0.149414,   0.101074,   1.664551,      1036
  0.000,0,   0.134277,   0.093262,   1.662109,      1037
  0.000,0,   0.140137,   0.096680,   1.661621,      1038
  0.000,0,   0.145508,   0.094238,   1.658691,      1039
  0.000,0,   0.142090,   0.082031,   1.676270,      1040
  0.000,0,   0.127441,   0.090332,   1.646484,      1041
  0.000,0,   0.120117,   0.079102,   1.687988,      1042
  0.000,0,   0.149902,   0.096191,   1.683594,      1043
  0.000,0,   0.144043,   0.096191,   1.673828,      1044
  0.000,0,   0.133789,   0.103027,   1.664551,      1045
  0.000,0,   0.139648,   0.106445,   1.655273,      1046
  0.000,0,   0.127930,   0.102051,   1.659668,      1047
  0.000,0,   0.129883,   0.094238,   1.663086,      1048
  0.000,0,   0.132324,   0.089844,   1.682617,      1049
  0.000,0,   0.124023,   0.083496,   1.672852,      1050
  0.000,0,   0.126953,   0.070312,   1.668945,      1051
  0.000,0,   0.143555,   0.098633,   1.675293,      1052
  0.000,0,   0.136719,   0.090332,   1.672852,      1053
  0.000,0,   0.154297,   0.101074,   1.643066,      1054
  0.000,0,   0.161133,   0.087402,   1.660156,      1055
  0.000,0,   0.148438,   0.117676,   1.654785,      1056
  0.000,0,   0.143555,   0.086914,   1.661621,      1057
  0.000,0,   0.130859,   0.063965,   1.651855,      1058
  0.000,0,   0.121582,   0.066406,   1.658203,      1059
  0.000,0,   0.110352,   0.065430,   1.664551,      1060
  0.000,0,   0.127930,   0.072754,   1.669434,      1061
  0.000,0,   0.142090,   0.083496,   1.666504,      1062
  0.000,0,   0.150391,   0.105957,   1.668457,      1063
  0.000,0,   0.148438,   0.109375,   1.671875,      1064
  0.000,0,   0.166504,   0.107910,   1.651367,      1065
  0.000,0,   0.134277,   0.121094,   1.650391,      1066
  0.000,0,   0.139160,   0.085449,   1.638184,      1067
  0.000,0,   0.137207,   0.083984,   1.659668,      1068
  0.000,0,   0.136230,   0.065918,   1.668457,      1069
  0.000,0,   0.148438,   0.094727,   1.634277,      1070
  0.000,0,   0.146484,   0.100098,   1.625977,      1071
  0.000,0,   0.150879,   0.087891,   1.668945,      1072
  0.000,0,   0.106934,   0.075684,   1.691406,      1073
  0.000,0,   0.135742,   0.079102,   1.695801,      1074
  0.000,0,   0.124023,   0.090332,   1.657715,      1075
  0.000,0,   0.119141,   0.099609,   1.685547,      1076
  0.000,0,   0.110840,   0.125977,   1.644043,      1077
  0.000,0,   0.126465,   0.124512,   1.680664,      1078
  0.000,0,   0.127930,   0.109863,   1.663086,      1079
  0.000,0,   0.146484,   0.088867,   1.637207,      1080
  0.000,0,   0.152832,   0.079590,   1.650879,      1081
  0.000,0,   0.159180,   0.051758,   1.677246,      1082
  0.000,0,   0.162598,   0.064453,   1.670898,      1083
  0.000,0,   0.161133,   0.080566,   1.642090,      1084
  0.000,0,   0.150391,   0.074219,   1.645996,      1085
  0.000,0,   0.149414,   0.095703,   1.662109,      1086
  0.000,0,   0.122070,   0.095703,   1.650391,      1087
  0.000,0,   0.154297,   0.083008,   1.645508,      1088
  0.000,0,   0.126465,   0.101074,   1.666992,      1089
  0.000,0,   0.121094,   0.084961,   1.686523,      1090
  0.000,0,   0.117188,   0.093750,   1.677246,      1091
  0.000,0,   0.148926,   0.100098,   1.636719,      1092
  0.000,0,   0.129883,   0.099121,   1.680176,      1093
  0.000,0,   0.141602,   0.095703,   1.646973,      1094
  0.000,0,   0.142578,   0.109863,   1.654297,      1095
  0.000,0,   0.145508,   0.103027,   1.669922,      1096
  0.000,0,   0.142578,   0.078613,   1.656250,      1097
  0.000,0,   0.138672,   0.101074,   1.671875,      1098
  0.000,0,   0.141113,   0.077637,   1.664062,      1099
  0.000,0,   0.130371,   0.083984,   1.658691,      1100
  0.000,0,   0.136719,   0.093750,   1.656250,      1101
  0.000,0,   0.133789,   0.106934,   1.663574,      1102
  0.000,0,   0.142090,   0.098633,   1.682617,      1103
  0.000,0,   0.144043,   0.086426,   1.670410,      1104
  0.000,0,   0.134766,   0.093262,   1.674805,      1105
  0.000,0,   0.140625,   0.092773,   1.684570,      1106
  0.000,0,   0.141113,   0.099609,   1.671387,      1107
  0.000,0,   0.141113,   0.084473,   1.651367,      1108
  0.000,0,   0.145020,   0.090820,   1.670898,      1109
  0.000,0,   0.139160,   0.076660,   1.656738,      1110
  0.000,0,   0.145996,   0.082520,   1.688477,      1111
  0.000,0,   0.155273,   0.083984,   1.668945,      1112
  0.000,0,   0.135742,   0.112305,   1.627930,      1113
  0.000,0,   0.156738,   0.101562,   1.644043,      1114
  0.000,0,   0.152832,   0.084961,   1.676270,      1115
  0.000,0,   0.125000,   0.082031,   1.663574,      1116
  0.000,0,   0.141602,   0.062012,   1.666992,      1117
  0.000,0,   0.130859,   0.087402,   1.668457,      1118
  0.000,0,   0.128906,   0.072266,   1.657227,      1119
  0.000,0,   0.122070,   0.077148,   1.664062,      1120
  0.000,0,   0.141113,   0.105957,   1.631836,      1121
  0.000,0,   0.127930,   0.123047,   1.654785,      1122
  0.000,0,   0.137207,   0.115723,   1.642578,      1123
  0.000,0,   0.133789,   0.106934,   1.666504,      1124
  0.000,0,   0.125977,   0.096680,   1.695312,      1125
  0.000,0,   0.139160,   0.082031,   1.693359,      1126
  0.000,0,   0.121094,   0.074707,   1.654785,      1127
  0.000,0,   0.126953,   0.090332,   1.647461,      1128
  0.000,0,   0.132812,   0.089844,   1.651367,      1129
  0.000,0,   0.140625,   0.090820,   1.638672,      1130
  0.000,0,   0.146973,   0.086426,   1.687012,      1131
  0.000,0,   0.148438,   0.079590,   1.673340,      1132
  0.000,0,   0.157227,   0.081543,   1.651367,      1133
  0.000,0,   0.155762,   0.093262,   1.634277,      1134
  0.000,0,   0.147949,   0.077637,   1.685059,      1135
  0.000,0,   0.148438,   0.091309,   1.661621,      1136
  0.000,0,   0.152832,   0.075195,   1.655273,      1137
  0.000,0,   0.129395,   0.081543,   1.669434,      1138
  0.000,0,   0.135254,   0.078613,   1.674805,      1139
  0.000,0,   0.130371,   0.104492,   1.682617,      1140
  0.000,0,   0.122559,   0.096191,   1.689941,      1141
  0.000,0,   0.127441,   0.109863,   1.674805,      1142
  0.000,0,   0.118652,   0.109863,   1.655762,      1143
  0.000,0,   0.114746,   0.117676,   1.655273,      1144
  0.000,0,   0.136230,   0.108887,   1.655273,      1145
  0.000,0,   0.150879,   0.095215,   1.638672,      1146
  0.000,0,   0.135742,   0.087891,   1.666992,      1147
  0.000,0,   0.133301,   0.084961,   1.670410,      1148
  0.000,0,   0.143555,   0.071289,   1.680664,      1149
  0.000,0,   0.131836,   0.083984,   1.642090,      1150
  0.000,0,   0.123047,   0.088867,   1.676758,      1151
  0.000,0,   0.118164,   0.095215,   1.664551,      1152
  0.000,0,   0.140137,   0.083984,   1.646484,      1153
  0.000,0,   0.142090,   0.102539,   1.678711,      1154
  0.000,0,   0.137695,   0.109863,   1.682129,      1155
  0.000,0,   0.146973,   0.107910,   1.676270,      1156
  0.000,0,   0.133789,   0.112793,   1.653320,      1157
  0.000,0,   0.138672,   0.096191,   1.642090,      1158
  0.000,0,   0.146973,   0.063965,   1.648438,      1159
  0.000,0,   0.158203,   0.076172,   1.638672,      1160
  0.000,0,   0.151855,   0.063965,   1.649414,      1161
  0.000,0,   0.147949,   0.086914,   1.644531,      1162
  0.000,0,   0.148438,   0.076172,   1.652344,      1163
  0.000,0,   0.150879,   0.072754,   1.649414,      1164
  0.000,0,   0.138672,   0.096680,   1.666992,      1165
  0.000,0,   0.120117,   0.109863,   1.649902,      1166
  0.000,0,   0.138672,   0.101562,   1.635254,      1167
  0.000,0,   0.129395,   0.097168,   1.664062,      1168
  0.000,0,   0.116211,   0.098633,   1.714844,      1169
  0.000,0,   0.127441,   0.105957,   1.694824,      1170
  0.000,0,   0.133301,   0.098633,   1.654785,      1171
  0.000,0,   0.108887,   0.079590,   1.667969,      1172
  0.000,0,   0.134277,   0.097656,   1.651367,      1173
  0.000,0,   0.136230,   0.097168,   1.669434,      1174
  0.000,0,   0.152344,   0.102539,   1.645508,      1175
  0.000,0,   0.135742,   0.107422,   1.656738,      1176
  0.000,0,   0.145508,   0.097656,   1.663574,      1177
  0.000,0,   0.145996,   0.089355,   1.639160,      1178
  0.000,0,   0.139160,   0.087402,   1.633301,      1179
  0.000,0,   0.136719,   0.063965,   1.656738,      1180
  0.000,0,   0.135742,   0.064941,   1.686035,      1181
  0.000,0,   0.140625,   0.089355,   1.662598,      1182
  0.000,0,   0.139648,   0.081543,   1.656250,      1183
  0.000,0,   0.154297,   0.091309,   1.666992,      1184
  0.000,0,   0.128906,   0.102051,   1.656250,      1185
  0.000,0,   0.119629,   0.097656,   1.661621,      1186
  0.000,0,   0.122559,   0.086426,   1.646484,      1187
  0.000,0,   0.125977,   0.090820,   1.678711,      1188
  0.000,0,   0.133789,   0.100098,   1.675781,      1189
  0.000,0,   0.126465,   0.103516,   1.665527,      1190
  0.000,0,   0.128906,   0.092773,   1.663574,      1191
  0.000,0,   0.144043,   0.095215,   1.646973,      1192
  0.000,0,   0.147949,   0.083008,   1.640625,      1193
  0.000,0,   0.136719,   0.081055,   1.679199,      1194
  0.000,0,   0.146484,   0.083496,   1.656250,      1195
  0.000,0,   0.126465,   0.086426,   1.665527,      1196
  0.000,0,   0.136719,   0.097656,   1.686523,      1197
  0.000,0,   0.119141,   0.103027,   1.668457,      1198
  0.000,0,   0.104492,   0.108398,   1.674805,      1199
  0.000,0,   0.111328,   0.112305,   1.681641,      1200
  0.000,0,   0.135254,   0.101562,   1.673828,      1201
  0.000,0,   0.133301,   0.083496,   1.642578,      1202
  0.000,0,   0.140137,   0.089844,   1.650879,      1203
  0.000,0,   0.151367,   0.085938,   1.658691,      1204
  0.000,0,   0.155762,   0.073730,   1.663574,      1205
  0.000,0,   0.155762,   0.071777,   1.654297,      1206
  0.000,0,   0.148926,   0.070312,   1.633301,      1207
  0.000,0,   0.158203,   0.087891,   1.678223,      1208
  0.000,0,   0.134277,   0.097168,   1.655762,      1209
  0.000,0,   0.113770,   0.104004,   1.668457,      1210
  0.000,0,   0.132812,   0.110352,   1.668945,      1211
  0.000,0,   0.118652,   0.117188,   1.664551,      1212
  0.000,0,   0.120117,   0.114746,   1.668945,      1213
  0.000,0,   0.120605,   0.109863,   1.677246,      1214
  0.000,0,   0.127441,   0.103516,   1.656738,      1215
  0.000,0,   0.142090,   0.084961,   1.648926,      1216
  0.000,0,   0.150391,   0.078613,   1.658691,      1217
  0.000,0,   0.159180,   0.061523,   1.657227,      1218
  0.000,0,   0.153809,   0.093750,   1.651855,      1219
  0.000,0,   0.144043,   0.077637,   1.666992,      1220
  0.000,0,   0.128906,   0.087402,   1.670898,      1221
  0.000,0,   0.119141,   0.087402,   1.647461,      1222
  0.000,0,   0.134766,   0.112793,   1.662109,      1223
  0.000,0,   0.139648,   0.118164,   1.675293,      1224
  0.000,0,   0.129395,   0.108398,   1.670410,      1225
  0.000,0,   0.125977,   0.106934,   1.683594,      1226
  0.000,0,   0.135254,   0.102051,   1.687012,      1227
  0.000,0,   0.128418,   0.100098,   1.659180,      1228
  0.000,0,   0.144043,   0.082520,   1.662598,      1229
  0.000,0,   0.146484,   0.090820,   1.649414,      1230
  0.000,0,   0.154297,   0.087402,   1.648926,      1231
  0.000,0,   0.138672,   0.085449,   1.662109,      1232
  0.000,0,   0.140137,   0.086914,   1.664551,      1233
  0.000,0,   0.145996,   0.086914,   1.656738,      1234
  0.000,0,   0.139648,   0.092773,   1.667480,      1235
  0.000,0,   0.147461,   0.095703,   1.654297,      1236
  0.000,0,   0.132324,   0.105469,   1.671387,      1237
  0.000,0,   0.146484,   0.102539,   1.640625,      1238
  0.000,0,   0.137207,   0.095215,   1.653320,      1239
  0.000,0,   0.138184,   0.077148,   1.663086,      1240
  0.000,0,   0.130859,   0.086426,   1.649902,      1241
  0.000,0,   0.116699,   0.074707,   1.671387,      1242
  0.000,0,   0.111816,   0.069336,   1.666016,      1243
  0.000,0,   0.140625,   0.052734,   1.635742,      1244
  0.000,0,   0.134766,   0.105469,   1.694824,      1245
  0.000,0,   0.134766,   0.143066,   1.665039,      1246
