Sampling freqeuncy: 500 Hz
accel bias x: 1.963024|accel bias y: -0.000000|accel bias z: -0.000000
 30.820,0,   0.000000,   0.000000,1388.000000,         1
 30.780,0,   0.000000,   0.000000,1379.000000,         2
 30.740,0,   0.000000,   0.000000,1379.000000,         3
 30.700,0,   0.000000,   0.000000,1374.000000,         4
 30.680,0,   0.000000,   0.000000,1378.000000,         5
 30.660,0,   0.000000,   0.000000,1378.000000,         6
 30.620,0,   0.000000,   0.000000,1380.000000,         7
 30.600,0,   0.000000,   0.000000,1378.000000,         8
 30.560,0,   0.000000,   0.000000,1377.000000,         9
 30.540,0,   0.000000,   0.000000,1363.000000,        10
 30.520,0,   0.000000,   0.000000,1367.000000,        11
 30.500,0,   0.000000,   0.000000,1379.000000,        12
 30.460,0,   0.000000,   0.000000,1379.000000,        13
 30.440,0,   0.000000,   0.000000,1378.000000,        14
 30.420,0,   0.000000,   0.000000,1368.000000,        15
 30.420,0,   0.000000,   0.000000,1359.000000,        16
 30.400,0,   0.000000,   0.000000,1378.000000,        17
 30.380,0,   0.000000,   0.000000,1379.000000,        18
 30.380,0,   0.000000,   0.000000,1382.000000,        19
 30.360,0,   0.000000,   0.000000,1374.000000,        20
 30.340,0,   0.000000,   0.000000,1379.000000,        21
 30.300,0,   0.000000,   0.000000,1356.000000,        22
 30.280,0,   0.000000,   0.000000,1393.000000,        23
 30.280,0,   0.000000,   0.000000,1395.000000,        24
 30.240,0,   0.000000,   0.000000,1378.000000,        25
 30.220,0,   0.000000,   0.000000,1373.000000,        26
 30.200,0,   0.000000,   0.000000,1386.000000,        27
 30.180,0,   0.000000,   0.000000,1381.000000,        28
 30.160,0,   0.000000,   0.000000,1381.000000,        29
 30.160,0,   0.000000,   0.000000,1382.000000,        30
 30.140,0,   0.000000,   0.000000,1379.000000,        31
 30.120,0,   0.000000,   0.000000,1386.000000,        32
 30.120,0,   0.000000,   0.000000,1379.000000,        33
 30.100,0,   0.000000,   0.000000,1381.000000,        34
 30.080,0,   0.000000,   0.000000,1385.000000,        35
 30.080,0,   0.000000,   0.000000,1386.000000,        36
 30.060,0,   0.000000,   0.000000,1387.000000,        37
 30.060,0,   0.000000,   0.000000,1380.000000,        38
 30.040,0,   0.000000,   0.000000,1381.000000,        39
 30.040,0,   0.000000,   0.000000,1371.000000,        40
 30.040,0,   0.000000,   0.000000,1363.000000,        41
 30.040,0,   0.000000,   0.000000,1383.000000,        42
 30.040,0,   0.000000,   0.000000,1383.000000,        43
 30.020,0,   0.000000,   0.000000,1384.000000,        44
 30.020,0,   0.000000,   0.000000,1388.000000,        45
 30.020,0,   0.000000,   0.000000,1388.000000,        46
 30.020,0,   0.000000,   0.000000,1383.000000,        47
 30.000,0,   0.000000,   0.000000,1359.000000,        48
 30.000,0,   0.000000,   0.000000,1396.000000,        49
 30.000,0,   0.000000,   0.000000,1386.000000,        50
 30.000,0,   0.000000,   0.000000,1384.000000,        51
 30.000,0,   0.000000,   0.000000,1383.000000,        52
 29.980,0,   0.000000,   0.000000,1384.000000,        53
 29.980,0,   0.000000,   0.000000,1368.000000,        54
 29.980,0,   0.000000,   0.000000,1384.000000,        55
 29.980,0,   0.000000,   0.000000,1388.000000,        56
 29.980,0,   0.000000,   0.000000,1390.000000,        57
 29.980,0,   0.000000,   0.000000,1391.000000,        58
 29.980,0,   0.000000,   0.000000,1388.000000,        59
 29.980,0,   0.000000,   0.000000,1385.000000,        60
 29.980,0,   0.000000,   0.000000,1385.000000,        61
 29.980,0,   0.000000,   0.000000,1422.000000,        62
 29.980,0,   0.000000,   0.000000,1388.000000,        63
 29.980,0,   0.000000,   0.000000,1385.000000,        64
 29.980,0,   0.000000,   0.000000,1383.000000,        65
 29.980,0,   0.000000,   0.000000,1383.000000,        66
 29.980,0,   0.000000,   0.000000,1364.000000,        67
 29.960,0,   0.000000,   0.000000,1373.000000,        68
 29.960,0,   0.000000,   0.000000,1386.000000,        69
 29.960,0,   0.000000,   0.000000,1368.000000,        70
 29.960,0,   0.000000,   0.000000,1373.000000,        71
 29.960,0,   0.000000,   0.000000,1383.000000,        72
 29.960,0,   0.000000,   0.000000,1383.000000,        73
 29.960,0,   0.000000,   0.000000,1393.000000,        74
 29.940,0,   0.000000,   0.000000,1386.000000,        75
 29.940,0,   0.000000,   0.000000,1384.000000,        76
 29.940,0,   0.000000,   0.000000,1386.000000,        77
 29.940,0,   0.000000,   0.000000,1381.000000,        78
 29.940,0,   0.000000,   0.000000,1381.000000,        79
 29.940,0,   0.000000,   0.000000,1380.000000,        80
 29.940,0,   0.000000,   0.000000,1380.000000,        81
 29.940,0,   0.000000,   0.000000,1380.000000,        82
 29.940,0,   0.000000,   0.000000,1373.000000,        83
 29.940,0,   0.000000,   0.000000,1380.000000,        84
 29.920,0,   0.000000,   0.000000,1382.000000,        85
 29.920,0,   0.000000,   0.000000,1383.000000,        86
 29.920,0,   0.000000,   0.000000,1376.000000,        87
 29.920,0,   0.000000,   0.000000,1378.000000,        88
 29.920,0,   0.000000,   0.000000,1358.000000,        89
 29.940,0,   0.000000,   0.000000,1377.000000,        90
 29.940,0,   0.000000,   0.000000,1332.000000,        91
 29.920,0,   0.000000,   0.000000,1379.000000,        92
 29.920,0,   0.000000,   0.000000,1348.000000,        93
 29.920,0,   0.000000,   0.000000,1373.000000,        94
 29.940,0,   0.000000,   0.000000,1378.000000,        95
 29.940,0,   0.000000,   0.000000,1373.000000,        96
 29.940,0,   0.000000,   0.000000,1377.000000,        97
 29.940,0,   0.000000,   0.000000,1388.000000,        98
 29.940,0,   0.000000,   0.000000,1379.000000,        99
 29.940,0,   0.000000,   0.000000,1373.000000,       100
 29.940,0,   0.000000,   0.000000,1373.000000,       101
 29.940,0,   0.000000,   0.000000,1373.000000,       102
 29.940,0,   0.000000,   0.000000,1366.000000,       103
 29.940,0,   0.000000,   0.000000,1373.000000,       104
 29.940,0,   0.000000,   0.000000,1370.000000,       105
 29.940,0,   0.000000,   0.000000,1371.000000,       106
 29.940,0,   0.000000,   0.000000,1369.000000,       107
 29.940,0,   0.000000,   0.000000,1379.000000,       108
 29.940,0,   0.000000,   0.000000,1363.000000,       109
 29.940,0,   0.000000,   0.000000,1363.000000,       110
 29.940,0,   0.000000,   0.000000,1368.000000,       111
 29.940,0,   0.000000,   0.000000,1368.000000,       112
 29.940,0,   0.000000,   0.000000,1368.000000,       113
 29.940,0,   0.000000,   0.000000,1363.000000,       114
 29.940,0,   0.000000,   0.000000,1339.000000,       115
 29.940,0,   0.000000,   0.000000,1363.000000,       116
 29.940,0,   0.000000,   0.000000,1363.000000,       117
 29.940,0,   0.000000,   0.000000,1381.000000,       118
 29.940,0,   0.000000,   0.000000,1366.000000,       119
 29.940,0,   0.000000,   0.000000,1367.000000,       120
 29.920,0,   0.000000,   0.000000,1357.000000,       121
 29.920,0,   0.000000,   0.000000,1360.000000,       122
 29.920,0,   0.000000,   0.000000,1356.000000,       123
 29.920,0,   0.000000,   0.000000,1358.000000,       124
 29.900,0,   0.000000,   0.000000,1358.000000,       125
 29.900,0,   0.000000,   0.000000,1360.000000,       126
 29.900,0,   0.000000,   0.000000,1361.000000,       127
 29.900,0,   0.000000,   0.000000,1361.000000,       128
 29.900,0,   0.000000,   0.000000,1357.000000,       129
 29.900,0,   0.000000,   0.000000,1358.000000,       130
 29.900,0,   0.000000,   0.000000,1356.000000,       131
 29.900,0,   0.000000,   0.000000,1368.000000,       132
 29.900,0,   0.000000,   0.000000,1353.000000,       133
 29.900,0,   0.000000,   0.000000,1354.000000,       134
 29.900,0,   0.000000,   0.000000,1354.000000,       135
 29.900,0,   0.000000,   0.000000,1360.000000,       136
 29.900,0,   0.000000,   0.000000,1343.000000,       137
 29.900,0,   0.000000,   0.000000,1356.000000,       138
 29.900,0,   0.000000,   0.000000,1392.000000,       139
 29.900,0,   0.000000,   0.000000,1343.000000,       140
 29.900,0,   0.000000,   0.000000,1359.000000,       141
 29.900,0,   0.000000,   0.000000,1356.000000,       142
 29.900,0,   0.000000,   0.000000,1358.000000,       143
 29.900,0,   0.000000,   0.000000,1347.000000,       144
 29.900,0,   0.000000,   0.000000,1354.000000,       145
 29.900,0,   0.000000,   0.000000,1355.000000,       146
 29.900,0,   0.000000,   0.000000,1354.000000,       147
 29.900,0,   0.000000,   0.000000,1351.000000,       148
 29.900,0,   0.000000,   0.000000,1358.000000,       149
 29.900,0,   0.000000,   0.000000,1353.000000,       150
 29.900,0,   0.000000,   0.000000,1353.000000,       151
 29.900,0,   0.000000,   0.000000,1354.000000,       152
 29.900,0,   0.000000,   0.000000,1353.000000,       153
 29.900,0,   0.000000,   0.000000,1354.000000,       154
 29.900,0,   0.000000,   0.000000,1353.000000,       155
 29.900,0,   0.000000,   0.000000,1368.000000,       156
 29.900,0,   0.000000,   0.000000,1346.000000,       157
 29.900,0,   0.000000,   0.000000,1328.000000,       158
 29.880,0,   0.000000,   0.000000,1339.000000,       159
 29.880,0,   0.000000,   0.000000,1348.000000,       160
 29.860,0,   0.000000,   0.000000,1355.000000,       161
 29.840,0,   0.000000,   0.000000,1354.000000,       162
 29.800,0,   0.000000,   0.000000,1337.000000,       163
 29.800,0,   0.000000,   0.000000,1353.000000,       164
 29.780,0,   0.000000,   0.000000,1354.000000,       165
 29.760,0,   0.000000,   0.000000,1352.000000,       166
 29.740,0,   0.000000,   0.000000,1343.000000,       167
 29.720,0,   0.000000,   0.000000,1351.000000,       168
 29.700,0,   0.000000,   0.000000,1341.000000,       169
 29.680,0,   0.000000,   0.000000,1350.000000,       170
 29.660,0,   0.000000,   0.000000,1352.000000,       171
 29.640,0,   0.000000,   0.000000,1353.000000,       172
 29.620,0,   0.000000,   0.000000,1349.000000,       173
 29.600,0,   0.000000,   0.000000,1351.000000,       174
 29.580,0,   0.000000,   0.000000,1349.000000,       175
 29.560,0,   0.000000,   0.000000,1349.000000,       176
 29.540,0,   0.000000,   0.000000,1349.000000,       177
 29.520,0,   0.000000,   0.000000,1348.000000,       178
 29.500,0,   0.000000,   0.000000,1348.000000,       179
 29.480,0,   0.000000,   0.000000,1356.000000,       180
 29.440,0,   0.000000,   0.000000,1353.000000,       181
 29.420,0,   0.000000,   0.000000,1348.000000,       182
 29.400,0,   0.000000,   0.000000,1353.000000,       183
 29.380,0,   0.000000,   0.000000,1353.000000,       184
 29.360,0,   0.000000,   0.000000,1367.000000,       185
 29.340,0,   0.000000,   0.000000,1354.000000,       186
 29.320,0,   0.000000,   0.000000,1354.000000,       187
 29.300,0,   0.000000,   0.000000,1354.000000,       188
 29.280,0,   0.000000,   0.000000,1357.000000,       189
 29.260,0,   0.000000,   0.000000,1333.000000,       190
 29.240,0,   0.000000,   0.000000,1342.000000,       191
 29.200,0,   0.000000,   0.000000,1353.000000,       192
 29.180,0,   0.000000,   0.000000,1363.000000,       193
 29.160,0,   0.000000,   0.000000,1344.000000,       194
 29.120,0,   0.000000,   0.000000,1354.000000,       195
 29.100,0,   0.000000,   0.000000,1355.000000,       196
 29.080,0,   0.000000,   0.000000,1358.000000,       197
 29.060,0,   0.000000,   0.000000,1354.000000,       198
 29.040,0,   0.000000,   0.000000,1348.000000,       199
 29.020,0,   0.000000,   0.000000,1356.000000,       200
 29.000,0,   0.000000,   0.000000,1351.000000,       201
 28.980,0,   0.000000,   0.000000,1351.000000,       202
 28.960,0,   0.000000,   0.000000,1351.000000,       203
 28.920,0,   0.000000,   0.000000,1367.000000,       204
 28.900,0,   0.000000,   0.000000,1353.000000,       205
 28.880,0,   0.000000,   0.000000,1353.000000,       206
 28.860,0,   0.000000,   0.000000,1353.000000,       207
 28.840,0,   0.000000,   0.000000,1350.000000,       208
 28.840,0,   0.000000,   0.000000,1343.000000,       209
 28.820,0,   0.000000,   0.000000,1355.000000,       210
 28.800,0,   0.000000,   0.000000,1353.000000,       211
 28.780,0,   0.000000,   0.000000,1421.000000,       212
 28.760,0,   0.000000,   0.000000,1352.000000,       213
 28.740,0,   0.000000,   0.000000,1353.000000,       214
 28.720,0,   0.000000,   0.000000,1354.000000,       215
 28.680,0,   0.000000,   0.000000,1351.000000,       216
 28.660,0,   0.000000,   0.000000,1358.000000,       217
 28.640,0,   0.000000,   0.000000,1345.000000,       218
 28.620,0,   0.000000,   0.000000,1353.000000,       219
 28.600,0,   0.000000,   0.000000,1353.000000,       220
 28.600,0,   0.000000,   0.000000,1351.000000,       221
 28.580,0,   0.000000,   0.000000,1342.000000,       222
 28.560,0,   0.000000,   0.000000,1353.000000,       223
 28.540,0,   0.000000,   0.000000,1360.000000,       224
 28.520,0,   0.000000,   0.000000,1353.000000,       225
 28.500,0,   0.000000,   0.000000,1353.000000,       226
 28.500,0,   0.000000,   0.000000,1341.000000,       227
 28.480,0,   0.000000,   0.000000,1353.000000,       228
 28.460,0,   0.000000,   0.000000,1351.000000,       229
 28.460,0,   0.000000,   0.000000,1339.000000,       230
 28.440,0,   0.000000,   0.000000,1353.000000,       231
 28.420,0,   0.000000,   0.000000,1348.000000,       232
 28.420,0,   0.000000,   0.000000,1350.000000,       233
 28.400,0,   0.000000,   0.000000,1349.000000,       234
 28.380,0,   0.000000,   0.000000,1354.000000,       235
 28.360,0,   0.000000,   0.000000,1356.000000,       236
 28.340,0,   0.000000,   0.000000,1355.000000,       237
 28.320,0,   0.000000,   0.000000,1355.000000,       238
 28.300,0,   0.000000,   0.000000,1355.000000,       239
 28.280,0,   0.000000,   0.000000,1361.000000,       240
 28.260,0,   0.000000,   0.000000,1356.000000,       241
 28.240,0,   0.000000,   0.000000,1354.000000,       242
 28.220,0,   0.000000,   0.000000,1353.000000,       243
 28.200,0,   0.000000,   0.000000,1334.000000,       244
 28.180,0,   0.000000,   0.000000,1349.000000,       245
 28.160,0,   0.000000,   0.000000,1351.000000,       246
 28.140,0,   0.000000,   0.000000,1353.000000,       247
 28.120,0,   0.000000,   0.000000,1351.000000,       248
 28.080,0,   0.000000,   0.000000,1353.000000,       249
 28.060,0,   0.000000,   0.000000,1351.000000,       250
 28.040,0,   0.000000,   0.000000,1355.000000,       251
 28.000,0,   0.000000,   0.000000,1348.000000,       252
 27.980,0,   0.000000,   0.000000,1353.000000,       253
 27.980,0,   0.000000,   0.000000,1355.000000,       254
 27.960,0,   0.000000,   0.000000,1354.000000,       255
 27.940,0,   0.000000,   0.000000,1354.000000,       256
 27.920,0,   0.000000,   0.000000,1353.000000,       257
 27.900,0,   0.000000,   0.000000,1383.000000,       258
 27.880,0,   0.000000,   0.000000,1360.000000,       259
 27.860,0,   0.000000,   0.000000,1355.000000,       260
 27.840,0,   0.000000,   0.000000,1355.000000,       261
 27.840,0,   0.000000,   0.000000,1347.000000,       262
 27.820,0,   0.000000,   0.000000,1313.000000,       263
 27.780,0,   0.000000,   0.000000,1354.000000,       264
 27.760,0,   0.000000,   0.000000,1354.000000,       265
 27.740,0,   0.000000,   0.000000,1351.000000,       266
 27.700,0,   0.000000,   0.000000,1357.000000,       267
 27.660,0,   0.000000,   0.000000,1355.000000,       268
 27.640,0,   0.000000,   0.000000,1351.000000,       269
 27.620,0,   0.000000,   0.000000,1354.000000,       270
 27.600,0,   0.000000,   0.000000,1351.000000,       271
 27.580,0,   0.000000,   0.000000,1353.000000,       272
 27.580,0,   0.000000,   0.000000,1352.000000,       273
 27.560,0,   0.000000,   0.000000,1351.000000,       274
 27.560,0,   0.000000,   0.000000,1351.000000,       275
 27.560,0,   0.000000,   0.000000,1349.000000,       276
 27.560,0,   0.000000,   0.000000,1363.000000,       277
 27.560,0,   0.000000,   0.000000,1343.000000,       278
 27.560,0,   0.000000,   0.000000,1332.000000,       279
 27.560,0,   0.000000,   0.000000,1349.000000,       280
 27.560,0,   0.000000,   0.000000,1348.000000,       281
 27.560,0,   0.000000,   0.000000,1352.000000,       282
 27.560,0,   0.000000,   0.000000,1349.000000,       283
 27.560,0,   0.000000,   0.000000,1351.000000,       284
 27.560,0,   0.000000,   0.000000,1355.000000,       285
 27.560,0,   0.000000,   0.000000,1377.000000,       286
 27.560,0,   0.000000,   0.000000,1354.000000,       287
 27.560,0,   0.000000,   0.000000,1355.000000,       288
 27.560,0,   0.000000,   0.000000,1353.000000,       289
 27.560,0,   0.000000,   0.000000,1355.000000,       290
 27.560,0,   0.000000,   0.000000,1353.000000,       291
 27.560,0,   0.000000,   0.000000,1358.000000,       292
 27.560,0,   0.000000,   0.000000,1351.000000,       293
 27.560,0,   0.000000,   0.000000,1354.000000,       294
 27.560,0,   0.000000,   0.000000,1352.000000,       295
 27.560,0,   0.000000,   0.000000,1351.000000,       296
 27.560,0,   0.000000,   0.000000,1353.000000,       297
 27.560,0,   0.000000,   0.000000,1354.000000,       298
 27.560,0,   0.000000,   0.000000,1371.000000,       299
 27.560,0,   0.000000,   0.000000,1355.000000,       300
 27.560,0,   0.000000,   0.000000,1356.000000,       301
 27.560,0,   0.000000,   0.000000,1353.000000,       302
 27.560,0,   0.000000,   0.000000,1356.000000,       303
 27.560,0,   0.000000,   0.000000,1354.000000,       304
 27.560,0,   0.000000,   0.000000,1353.000000,       305
 27.560,0,   0.000000,   0.000000,1355.000000,       306
 27.560,0,   0.000000,   0.000000,1353.000000,       307
 27.560,0,   0.000000,   0.000000,1333.000000,       308
 27.560,0,   0.000000,   0.000000,1353.000000,       309
 27.560,0,   0.000000,   0.000000,1368.000000,       310
 27.560,0,   0.000000,   0.000000,1353.000000,       311
 27.560,0,   0.000000,   0.000000,1351.000000,       312
 27.560,0,   0.000000,   0.000000,1352.000000,       313
 27.560,0,   0.000000,   0.000000,1349.000000,       314
 27.560,0,   0.000000,   0.000000,1361.000000,       315
 27.560,0,   0.000000,   0.000000,1353.000000,       316
 27.560,0,   0.000000,   0.000000,1351.000000,       317
 27.560,0,   0.000000,   0.000000,1353.000000,       318
 27.560,0,   0.000000,   0.000000,1352.000000,       319
 27.560,0,   0.000000,   0.000000,1356.000000,       320
 27.560,0,   0.000000,   0.000000,1340.000000,       321
 27.560,0,   0.000000,   0.000000,1348.000000,       322
 27.560,0,   0.000000,   0.000000,1348.000000,       323
 27.560,0,   0.000000,   0.000000,1349.000000,       324
 27.560,0,   0.000000,   0.000000,1357.000000,       325
 27.560,0,   0.000000,   0.000000,1346.000000,       326
 27.560,0,   0.000000,   0.000000,1356.000000,       327
 27.560,0,   0.000000,   0.000000,1346.000000,       328
 27.560,0,   0.000000,   0.000000,1343.000000,       329
 27.560,0,   0.000000,   0.000000,1348.000000,       330
 27.580,0,   0.000000,   0.000000,1347.000000,       331
 27.580,0,   0.000000,   0.000000,1337.000000,       332
 27.580,0,   0.000000,   0.000000,1344.000000,       333
 27.580,0,   0.000000,   0.000000,1366.000000,       334
 27.580,0,   0.000000,   0.000000,1347.000000,       335
 27.580,0,   0.000000,   0.000000,1345.000000,       336
 27.580,0,   0.000000,   0.000000,1383.000000,       337
 27.580,0,   0.000000,   0.000000,1348.000000,       338
 27.580,0,   0.000000,   0.000000,1346.000000,       339
 27.580,0,   0.000000,   0.000000,1349.000000,       340
 27.580,0,   0.000000,   0.000000,1344.000000,       341
 27.560,0,   0.000000,   0.000000,1346.000000,       342
 27.560,0,   0.000000,   0.000000,1380.000000,       343
 27.560,0,   0.000000,   0.000000,1347.000000,       344
 27.560,0,   0.000000,   0.000000,1346.000000,       345
 27.560,0,   0.000000,   0.000000,1342.000000,       346
 27.560,0,   0.000000,   0.000000,1339.000000,       347
 27.560,0,   0.000000,   0.000000,1346.000000,       348
 27.560,0,   0.000000,   0.000000,1342.000000,       349
 27.560,0,   0.000000,   0.000000,1341.000000,       350
 27.560,0,   0.000000,   0.000000,1342.000000,       351
 27.560,0,   0.000000,   0.000000,1341.000000,       352
 27.560,0,   0.000000,   0.000000,1341.000000,       353
 27.560,0,   0.000000,   0.000000,1341.000000,       354
 27.560,0,   0.000000,   0.000000,1321.000000,       355
 27.560,0,   0.000000,   0.000000,1337.000000,       356
 27.560,0,   0.000000,   0.000000,1336.000000,       357
 27.560,0,   0.000000,   0.000000,1340.000000,       358
 27.560,0,   0.000000,   0.000000,1331.000000,       359
 27.560,0,   0.000000,   0.000000,1332.000000,       360
 27.560,0,   0.000000,   0.000000,1333.000000,       361
 27.560,0,   0.000000,   0.000000,1332.000000,       362
 27.560,0,   0.000000,   0.000000,1337.000000,       363
 27.560,0,   0.000000,   0.000000,1334.000000,       364
 27.560,0,   0.000000,   0.000000,1341.000000,       365
 27.560,0,   0.000000,   0.000000,1331.000000,       366
 27.540,0,   0.000000,   0.000000,1329.000000,       367
 27.540,0,   0.000000,   0.000000,1330.000000,       368
 27.520,0,   0.000000,   0.000000,1326.000000,       369
 27.500,0,   0.000000,   0.000000,1329.000000,       370
 27.480,0,   0.000000,   0.000000,1328.000000,       371
 27.480,0,   0.000000,   0.000000,1323.000000,       372
 27.460,0,   0.000000,   0.000000,1321.000000,       373
 27.440,0,   0.000000,   0.000000,1321.000000,       374
 27.420,0,   0.000000,   0.000000,1333.000000,       375
 27.400,0,   0.000000,   0.000000,1299.000000,       376
 27.380,0,   0.000000,   0.000000,1336.000000,       377
 27.360,0,   0.000000,   0.000000,1323.000000,       378
 27.340,0,   0.000000,   0.000000,1319.000000,       379
 27.300,0,   0.000000,   0.000000,1313.000000,       380
 27.260,0,   0.000000,   0.000000,1320.000000,       381
 27.240,0,   0.000000,   0.000000,1318.000000,       382
 27.200,0,   0.000000,   0.000000,1289.000000,       383
 27.160,0,   0.000000,   0.000000,1318.000000,       384
 27.120,0,   0.000000,   0.000000,1316.000000,       385
 27.060,0,   0.000000,   0.000000,1323.000000,       386
 27.020,0,   0.000000,   0.000000,1318.000000,       387
 26.960,0,   0.000000,   0.000000,1320.000000,       388
 26.900,0,   0.000000,   0.000000,1286.000000,       389
 26.840,0,   0.000000,   0.000000,1316.000000,       390
 26.760,0,   0.000000,   0.000000,1315.000000,       391
 26.700,0,   0.000000,   0.000000,1315.000000,       392
 26.640,0,   0.000000,   0.000000,1315.000000,       393
 26.560,0,   0.000000,   0.000000,1316.000000,       394
 26.480,0,   0.000000,   0.000000,1315.000000,       395
 26.420,0,   0.000000,   0.000000,1292.000000,       396
 26.340,0,   0.000000,   0.000000,1315.000000,       397
 26.260,0,   0.000000,   0.000000,1316.000000,       398
 26.180,0,   0.000000,   0.000000,1313.000000,       399
 26.120,0,   0.000000,   0.000000,1315.000000,       400
 26.040,0,   0.000000,   0.000000,1317.000000,       401
 25.980,0,   0.000000,   0.000000,1334.000000,       402
 25.920,0,   0.000000,   0.000000,1316.000000,       403
 25.860,0,   0.000000,   0.000000,1329.000000,       404
 25.780,0,   0.000000,   0.000000,1317.000000,       405
 25.720,0,   0.000000,   0.000000,1315.000000,       406
 25.640,0,   0.000000,   0.000000,1315.000000,       407
 25.560,0,   0.000000,   0.000000,1307.000000,       408
 25.480,0,   0.000000,   0.000000,1315.000000,       409
 25.400,0,   0.000000,   0.000000,1315.000000,       410
 25.300,0,   0.000000,   0.000000,1316.000000,       411
 25.200,0,   0.000000,   0.000000,1316.000000,       412
 25.120,0,   0.000000,   0.000000,1318.000000,       413
 25.020,0,   0.000000,   0.000000,1318.000000,       414
 24.920,0,   0.000000,   0.000000,1315.000000,       415
 24.820,0,   0.000000,   0.000000,1317.000000,       416
 24.700,0,   0.000000,   0.000000,1318.000000,       417
 24.580,0,   0.000000,   0.000000,1319.000000,       418
 24.460,0,   0.000000,   0.000000,1306.000000,       419
 24.320,0,   0.000000,   0.000000,1316.000000,       420
 24.200,0,   0.000000,   0.000000,1332.000000,       421
 24.060,0,   0.000000,   0.000000,1317.000000,       422
 23.920,0,   0.000000,   0.000000,1315.000000,       423
 23.780,0,   0.000000,   0.000000,1304.000000,       424
 23.620,0,   0.000000,   0.000000,1318.000000,       425
 23.500,0,   0.000000,   0.000000,1318.000000,       426
 23.360,0,   0.000000,   0.000000,1321.000000,       427
 23.240,0,   0.000000,   0.000000,1315.000000,       428
 23.120,0,   0.000000,   0.000000,1333.000000,       429
 23.020,0,   0.000000,   0.000000,1318.000000,       430
 22.920,0,   0.000000,   0.000000,1328.000000,       431
 22.820,0,   0.000000,   0.000000,1323.000000,       432
 22.740,0,   0.000000,   0.000000,1317.000000,       433
 22.660,0,   0.000000,   0.000000,1323.000000,       434
 22.580,0,   0.000000,   0.000000,1328.000000,       435
 22.520,0,   0.000000,   0.000000,1331.000000,       436
 22.440,0,   0.000000,   0.000000,1329.000000,       437
 22.380,0,   0.000000,   0.000000,1326.000000,       438
 22.320,0,   0.000000,   0.000000,1328.000000,       439
 22.260,0,   0.000000,   0.000000,1328.000000,       440
 22.200,0,   0.000000,   0.000000,1327.000000,       441
 22.140,0,   0.000000,   0.000000,1331.000000,       442
 22.100,0,   0.000000,   0.000000,1398.000000,       443
 22.040,0,   0.000000,   0.000000,1337.000000,       444
 21.980,0,   0.000000,   0.000000,1315.000000,       445
 21.920,0,   0.000000,   0.000000,1302.000000,       446
 21.860,0,   0.000000,   0.000000,1330.000000,       447
 21.780,0,   0.000000,   0.000000,1328.000000,       448
 21.720,0,   0.000000,   0.000000,1337.000000,       449
 21.640,0,   0.000000,   0.000000,1333.000000,       450
 21.580,0,   0.000000,   0.000000,1336.000000,       451
 21.500,0,   0.000000,   0.000000,1312.000000,       452
 21.440,0,   0.000000,   0.000000,1331.000000,       453
 21.360,0,   0.000000,   0.000000,1326.000000,       454
 21.280,0,   0.000000,   0.000000,1337.000000,       455
 21.200,0,   0.000000,   0.000000,1337.000000,       456
 21.140,0,   0.000000,   0.000000,1340.000000,       457
 21.060,0,   0.000000,   0.000000,1338.000000,       458
 20.980,0,   0.000000,   0.000000,1338.000000,       459
 20.900,0,   0.000000,   0.000000,1339.000000,       460
 20.820,0,   0.000000,   0.000000,1342.000000,       461
 20.740,0,   0.000000,   0.000000,1344.000000,       462
 20.660,0,   0.000000,   0.000000,1340.000000,       463
 20.600,0,   0.000000,   0.000000,1337.000000,       464
 20.520,0,   0.000000,   0.000000,1320.000000,       465
 20.440,0,   0.000000,   0.000000,1337.000000,       466
 20.360,0,   0.000000,   0.000000,1339.000000,       467
 20.300,0,   0.000000,   0.000000,1351.000000,       468
 20.240,0,   0.000000,   0.000000,1341.000000,       469
 20.180,0,   0.000000,   0.000000,1338.000000,       470
 20.140,0,   0.000000,   0.000000,1342.000000,       471
 20.100,0,   0.000000,   0.000000,1341.000000,       472
 20.060,0,   0.000000,   0.000000,1340.000000,       473
 20.040,0,   0.000000,   0.000000,1323.000000,       474
 20.000,0,   0.000000,   0.000000,1348.000000,       475
 19.980,0,   0.000000,   0.000000,1338.000000,       476
 19.960,0,   0.000000,   0.000000,1339.000000,       477
 19.940,0,   0.000000,   0.000000,1339.000000,       478
 19.920,0,   0.000000,   0.000000,1342.000000,       479
 19.900,0,   0.000000,   0.000000,1341.000000,       480
 19.880,0,   0.000000,   0.000000,1343.000000,       481
 19.880,0,   0.000000,   0.000000,1342.000000,       482
 19.860,0,   0.000000,   0.000000,1343.000000,       483
 19.860,0,   0.000000,   0.000000,1342.000000,       484
 19.840,0,   0.000000,   0.000000,1343.000000,       485
 19.840,0,   0.000000,   0.000000,1333.000000,       486
 19.840,0,   0.000000,   0.000000,1347.000000,       487
 19.840,0,   0.000000,   0.000000,1345.000000,       488
 19.840,0,   0.000000,   0.000000,1320.000000,       489
 19.840,0,   0.000000,   0.000000,1343.000000,       490
 19.820,0,   0.000000,   0.000000,1346.000000,       491
 19.820,0,   0.000000,   0.000000,1346.000000,       492
 19.820,0,   0.000000,   0.000000,1346.000000,       493
 19.820,0,   0.000000,   0.000000,1342.000000,       494
 19.820,0,   0.000000,   0.000000,1345.000000,       495
 19.820,0,   0.000000,   0.000000,1348.000000,       496
 19.820,0,   0.000000,   0.000000,1345.000000,       497
 19.820,0,   0.000000,   0.000000,1347.000000,       498
 19.820,0,   0.000000,   0.000000,1350.000000,       499
 19.820,0,   0.000000,   0.000000,1345.000000,       500
 19.820,0,   0.000000,   0.000000,1344.000000,       501
 19.820,0,   0.000000,   0.000000,1348.000000,       502
 19.820,0,   0.000000,   0.000000,1353.000000,       503
 19.820,0,   0.000000,   0.000000,1351.000000,       504
 19.840,0,   0.000000,   0.000000,1351.000000,       505
 19.840,0,   0.000000,   0.000000,1353.000000,       506
 19.840,0,   0.000000,   0.000000,1350.000000,       507
 19.840,0,   0.000000,   0.000000,1352.000000,       508
 19.840,0,   0.000000,   0.000000,1351.000000,       509
 19.840,0,   0.000000,   0.000000,1351.000000,       510
 19.840,0,   0.000000,   0.000000,1330.000000,       511
 19.840,0,   0.000000,   0.000000,1360.000000,       512
 19.840,0,   0.000000,   0.000000,1366.000000,       513
 19.840,0,   0.000000,   0.000000,1354.000000,       514
 19.840,0,   0.000000,   0.000000,1355.000000,       515
 19.840,0,   0.000000,   0.000000,1354.000000,       516
 19.840,0,   0.000000,   0.000000,1359.000000,       517
 19.840,0,   0.000000,   0.000000,1357.000000,       518
 19.840,0,   0.000000,   0.000000,1359.000000,       519
 19.860,0,   0.000000,   0.000000,1363.000000,       520
 19.860,0,   0.000000,   0.000000,1364.000000,       521
 19.860,0,   0.000000,   0.000000,1388.000000,       522
 19.860,0,   0.000000,   0.000000,1350.000000,       523
 19.860,0,   0.000000,   0.000000,1361.000000,       524
 19.880,0,   0.000000,   0.000000,1361.000000,       525
 19.880,0,   0.000000,   0.000000,1363.000000,       526
 19.880,0,   0.000000,   0.000000,1354.000000,       527
 19.880,0,   0.000000,   0.000000,1374.000000,       528
 19.880,0,   0.000000,   0.000000,1365.000000,       529
 19.880,0,   0.000000,   0.000000,1368.000000,       530
 19.880,0,   0.000000,   0.000000,1368.000000,       531
 19.880,0,   0.000000,   0.000000,1349.000000,       532
 19.880,0,   0.000000,   0.000000,1364.000000,       533
 19.880,0,   0.000000,   0.000000,1333.000000,       534
 19.880,0,   0.000000,   0.000000,1327.000000,       535
 19.880,0,   0.000000,   0.000000,1368.000000,       536
 19.880,0,   0.000000,   0.000000,1370.000000,       537
 19.880,0,   0.000000,   0.000000,1378.000000,       538
 19.880,0,   0.000000,   0.000000,1353.000000,       539
 19.880,0,   0.000000,   0.000000,1365.000000,       540
 19.880,0,   0.000000,   0.000000,1369.000000,       541
 19.880,0,   0.000000,   0.000000,1368.000000,       542
 19.880,0,   0.000000,   0.000000,1380.000000,       543
 19.880,0,   0.000000,   0.000000,1368.000000,       544
 19.880,0,   0.000000,   0.000000,1366.000000,       545
 19.880,0,   0.000000,   0.000000,1368.000000,       546
 19.880,0,   0.000000,   0.000000,1379.000000,       547
 19.880,0,   0.000000,   0.000000,1336.000000,       548
 19.880,0,   0.000000,   0.000000,1365.000000,       549
 19.880,0,   0.000000,   0.000000,1365.000000,       550
 19.880,0,   0.000000,   0.000000,1364.000000,       551
 19.880,0,   0.000000,   0.000000,1368.000000,       552
 19.880,0,   0.000000,   0.000000,1365.000000,       553
 19.860,0,   0.000000,   0.000000,1368.000000,       554
 19.840,0,   0.000000,   0.000000,1355.000000,       555
 19.840,0,   0.000000,   0.000000,1361.000000,       556
 19.840,0,   0.000000,   0.000000,1364.000000,       557
 19.820,0,   0.000000,   0.000000,1361.000000,       558
 19.820,0,   0.000000,   0.000000,1361.000000,       559
 19.820,0,   0.000000,   0.000000,1360.000000,       560
 19.800,0,   0.000000,   0.000000,1360.000000,       561
 19.800,0,   0.000000,   0.000000,1364.000000,       562
 19.800,0,   0.000000,   0.000000,1358.000000,       563
 19.780,0,   0.000000,   0.000000,1361.000000,       564
 19.780,0,   0.000000,   0.000000,1355.000000,       565
 19.780,0,   0.000000,   0.000000,1356.000000,       566
 19.760,0,   0.000000,   0.000000,1356.000000,       567
 19.760,0,   0.000000,   0.000000,1358.000000,       568
 19.760,0,   0.000000,   0.000000,1350.000000,       569
 19.740,0,   0.000000,   0.000000,1357.000000,       570
 19.740,0,   0.000000,   0.000000,1355.000000,       571
 19.720,0,   0.000000,   0.000000,1355.000000,       572
 19.700,0,   0.000000,   0.000000,1353.000000,       573
 19.680,0,   0.000000,   0.000000,1350.000000,       574
 19.660,0,   0.000000,   0.000000,1348.000000,       575
 19.640,0,   0.000000,   0.000000,1347.000000,       576
 19.620,0,   0.000000,   0.000000,1361.000000,       577
 19.600,0,   0.000000,   0.000000,1346.000000,       578
 19.580,0,   0.000000,   0.000000,1346.000000,       579
 19.560,0,   0.000000,   0.000000,1344.000000,       580
 19.540,0,   0.000000,   0.000000,1360.000000,       581
 19.520,0,   0.000000,   0.000000,1346.000000,       582
 19.480,0,   0.000000,   0.000000,1315.000000,       583
 19.440,0,   0.000000,   0.000000,1344.000000,       584
 19.400,0,   0.000000,   0.000000,1337.000000,       585
 19.380,0,   0.000000,   0.000000,1343.000000,       586
 19.340,0,   0.000000,   0.000000,1342.000000,       587
 19.300,0,   0.000000,   0.000000,1342.000000,       588
 19.260,0,   0.000000,   0.000000,1342.000000,       589
 19.220,0,   0.000000,   0.000000,1350.000000,       590
 19.160,0,   0.000000,   0.000000,1340.000000,       591
 19.120,0,   0.000000,   0.000000,1314.000000,       592
 19.080,0,   0.000000,   0.000000,1337.000000,       593
 19.020,0,   0.000000,   0.000000,1331.000000,       594
 18.980,0,   0.000000,   0.000000,1328.000000,       595
 18.940,0,   0.000000,   0.000000,1336.000000,       596
 18.900,0,   0.000000,   0.000000,1326.000000,       597
 18.860,0,   0.000000,   0.000000,1327.000000,       598
 18.820,0,   0.000000,   0.000000,1328.000000,       599
 18.780,0,   0.000000,   0.000000,1324.000000,       600
 18.740,0,   0.000000,   0.000000,1321.000000,       601
 18.700,0,   0.000000,   0.000000,1321.000000,       602
 18.680,0,   0.000000,   0.000000,1321.000000,       603
 18.640,0,   0.000000,   0.000000,1318.000000,       604
 18.600,0,   0.000000,   0.000000,1317.000000,       605
 18.560,0,   0.000000,   0.000000,1317.000000,       606
 18.540,0,   0.000000,   0.000000,1320.000000,       607
 18.500,0,   0.000000,   0.000000,1317.000000,       608
 18.460,0,   0.000000,   0.000000,1316.000000,       609
 18.420,0,   0.000000,   0.000000,1315.000000,       610
 18.360,0,   0.000000,   0.000000,1318.000000,       611
 18.320,0,   0.000000,   0.000000,1293.000000,       612
 18.280,0,   0.000000,   0.000000,1315.000000,       613
 18.200,0,   0.000000,   0.000000,1285.000000,       614
 18.140,0,   0.000000,   0.000000,1305.000000,       615
 18.060,0,   0.000000,   0.000000,1300.000000,       616
 17.980,0,   0.000000,   0.000000,1314.000000,       617
 17.920,0,   0.000000,   0.000000,1314.000000,       618
 17.840,0,   0.000000,   0.000000,1310.000000,       619
 17.760,0,   0.000000,   0.000000,1308.000000,       620
 17.680,0,   0.000000,   0.000000,1315.000000,       621
 17.620,0,   0.000000,   0.000000,1311.000000,       622
 17.560,0,   0.000000,   0.000000,1311.000000,       623
 17.500,0,   0.000000,   0.000000,1309.000000,       624
 17.460,0,   0.000000,   0.000000,1301.000000,       625
 17.420,0,   0.000000,   0.000000,1310.000000,       626
 17.380,0,   0.000000,   0.000000,1311.000000,       627
 17.320,0,   0.000000,   0.000000,1308.000000,       628
 17.280,0,   0.000000,   0.000000,1307.000000,       629
 17.220,0,   0.000000,   0.000000,1313.000000,       630
 17.180,0,   0.000000,   0.000000,1313.000000,       631
 17.140,0,   0.000000,   0.000000,1313.000000,       632
 17.100,0,   0.000000,   0.000000,1308.000000,       633
 17.060,0,   0.000000,   0.000000,1313.000000,       634
 17.020,0,   0.000000,   0.000000,1315.000000,       635
 17.000,0,   0.000000,   0.000000,1311.000000,       636
 16.960,0,   0.000000,   0.000000,1313.000000,       637
 16.940,0,   0.000000,   0.000000,1325.000000,       638
 16.900,0,   0.000000,   0.000000,1313.000000,       639
 16.880,0,   0.000000,   0.000000,1315.000000,       640
 16.860,0,   0.000000,   0.000000,1313.000000,       641
 16.820,0,   0.000000,   0.000000,1316.000000,       642
 16.800,0,   0.000000,   0.000000,1315.000000,       643
 16.780,0,   0.000000,   0.000000,1317.000000,       644
 16.760,0,   0.000000,   0.000000,1317.000000,       645
 16.740,0,   0.000000,   0.000000,1315.000000,       646
 16.720,0,   0.000000,   0.000000,1317.000000,       647
 16.680,0,   0.000000,   0.000000,1317.000000,       648
 16.660,0,   0.000000,   0.000000,1317.000000,       649
 16.640,0,   0.000000,   0.000000,1318.000000,       650
 16.620,0,   0.000000,   0.000000,1317.000000,       651
 16.600,0,   0.000000,   0.000000,1321.000000,       652
 16.580,0,   0.000000,   0.000000,1329.000000,       653
 16.560,0,   0.000000,   0.000000,1326.000000,       654
 16.540,0,   0.000000,   0.000000,1323.000000,       655
 16.520,0,   0.000000,   0.000000,1328.000000,       656
 16.520,0,   0.000000,   0.000000,1324.000000,       657
 16.500,0,   0.000000,   0.000000,1343.000000,       658
 16.480,0,   0.000000,   0.000000,1328.000000,       659
 16.460,0,   0.000000,   0.000000,1333.000000,       660
 16.440,0,   0.000000,   0.000000,1355.000000,       661
 16.420,0,   0.000000,   0.000000,1331.000000,       662
 16.400,0,   0.000000,   0.000000,1334.000000,       663
 16.380,0,   0.000000,   0.000000,1336.000000,       664
 16.360,0,   0.000000,   0.000000,1338.000000,       665
 16.360,0,   0.000000,   0.000000,1342.000000,       666
 16.360,0,   0.000000,   0.000000,1368.000000,       667
 16.340,0,   0.000000,   0.000000,1358.000000,       668
 16.340,0,   0.000000,   0.000000,1343.000000,       669
 16.320,0,   0.000000,   0.000000,1347.000000,       670
 16.320,0,   0.000000,   0.000000,1351.000000,       671
 16.320,0,   0.000000,   0.000000,1352.000000,       672
 16.320,0,   0.000000,   0.000000,1351.000000,       673
 16.320,0,   0.000000,   0.000000,1369.000000,       674
 16.320,0,   0.000000,   0.000000,1360.000000,       675
 16.320,0,   0.000000,   0.000000,1367.000000,       676
 16.300,0,   0.000000,   0.000000,1364.000000,       677
 16.300,0,   0.000000,   0.000000,1363.000000,       678
 16.300,0,   0.000000,   0.000000,1368.000000,       679
 16.300,0,   0.000000,   0.000000,1373.000000,       680
 16.300,0,   0.000000,   0.000000,1373.000000,       681
 16.300,0,   0.000000,   0.000000,1374.000000,       682
 16.300,0,   0.000000,   0.000000,1388.000000,       683
 16.300,0,   0.000000,   0.000000,1388.000000,       684
 16.300,0,   0.000000,   0.000000,1416.000000,       685
 16.300,0,   0.000000,   0.000000,1399.000000,       686
 16.300,0,   0.000000,   0.000000,1401.000000,       687
 16.300,0,   0.000000,   0.000000,1382.000000,       688
 16.300,0,   0.000000,   0.000000,1400.000000,       689
 16.300,0,   0.000000,   0.000000,1395.000000,       690
 16.300,0,   0.000000,   0.000000,1423.000000,       691
 16.300,0,   0.000000,   0.000000,1422.000000,       692
 16.300,0,   0.000000,   0.000000,1408.000000,       693
 16.320,0,   0.000000,   0.000000,1431.000000,       694
 16.320,0,   0.000000,   0.000000,1422.000000,       695
 16.340,0,   0.000000,   0.000000,1420.000000,       696
 16.380,0,   0.000000,   0.000000,1423.000000,       697
 16.440,0,   0.000000,   0.000000,1424.000000,       698
 16.480,0,   0.000000,   0.000000,1448.000000,       699
 16.540,0,   0.000000,   0.000000,1429.000000,       700
 16.620,0,   0.000000,   0.000000,1433.000000,       701
 16.680,0,   0.000000,   0.000000,1448.000000,       702
 16.740,0,   0.000000,   0.000000,1434.000000,       703
 16.800,0,   0.000000,   0.000000,1439.000000,       704
 16.840,0,   0.000000,   0.000000,1438.000000,       705
 16.860,0,   0.000000,   0.000000,1444.000000,       706
 16.880,0,   0.000000,   0.000000,1440.000000,       707
 16.900,0,   0.000000,   0.000000,1441.000000,       708
 16.920,0,   0.000000,   0.000000,1443.000000,       709
 16.960,0,   0.000000,   0.000000,1439.000000,       710
 16.980,0,   0.000000,   0.000000,1438.000000,       711
 17.000,0,   0.000000,   0.000000,1441.000000,       712
 17.000,0,   0.000000,   0.000000,1436.000000,       713
 17.020,0,   0.000000,   0.000000,1440.000000,       714
 17.020,0,   0.000000,   0.000000,1439.000000,       715
 17.040,0,   0.000000,   0.000000,1437.000000,       716
 17.040,0,   0.000000,   0.000000,1447.000000,       717
 17.040,0,   0.000000,   0.000000,1437.000000,       718
 17.040,0,   0.000000,   0.000000,1436.000000,       719
 17.040,0,   0.000000,   0.000000,1434.000000,       720
 17.040,0,   0.000000,   0.000000,1434.000000,       721
 17.040,0,   0.000000,   0.000000,1434.000000,       722
 17.040,0,   0.000000,   0.000000,1430.000000,       723
 17.040,0,   0.000000,   0.000000,1431.000000,       724
 17.040,0,   0.000000,   0.000000,1417.000000,       725
 17.040,0,   0.000000,   0.000000,1429.000000,       726
 17.040,0,   0.000000,   0.000000,1431.000000,       727
 17.060,0,   0.000000,   0.000000,1428.000000,       728
 17.060,0,   0.000000,   0.000000,1430.000000,       729
 17.080,0,   0.000000,   0.000000,1430.000000,       730
 17.100,0,   0.000000,   0.000000,1428.000000,       731
 17.100,0,   0.000000,   0.000000,1428.000000,       732
 17.120,0,   0.000000,   0.000000,1428.000000,       733
 17.140,0,   0.000000,   0.000000,1398.000000,       734
 17.140,0,   0.000000,   0.000000,1427.000000,       735
 17.140,0,   0.000000,   0.000000,1426.000000,       736
 17.140,0,   0.000000,   0.000000,1426.000000,       737
 17.160,0,   0.000000,   0.000000,1404.000000,       738
 17.160,0,   0.000000,   0.000000,1424.000000,       739
 17.160,0,   0.000000,   0.000000,1424.000000,       740
 17.160,0,   0.000000,   0.000000,1423.000000,       741
 17.160,0,   0.000000,   0.000000,1418.000000,       742
 17.160,0,   0.000000,   0.000000,1434.000000,       743
 17.160,0,   0.000000,   0.000000,1418.000000,       744
 17.160,0,   0.000000,   0.000000,1436.000000,       745
 17.160,0,   0.000000,   0.000000,1417.000000,       746
 17.160,0,   0.000000,   0.000000,1414.000000,       747
 17.160,0,   0.000000,   0.000000,1378.000000,       748
 17.180,0,   0.000000,   0.000000,1407.000000,       749
 17.180,0,   0.000000,   0.000000,1408.000000,       750
 17.180,0,   0.000000,   0.000000,1406.000000,       751
 17.180,0,   0.000000,   0.000000,1399.000000,       752
 17.180,0,   0.000000,   0.000000,1404.000000,       753
 17.180,0,   0.000000,   0.000000,1404.000000,       754
 17.180,0,   0.000000,   0.000000,1399.000000,       755
 17.180,0,   0.000000,   0.000000,1382.000000,       756
 17.180,0,   0.000000,   0.000000,1404.000000,       757
 17.180,0,   0.000000,   0.000000,1396.000000,       758
 17.180,0,   0.000000,   0.000000,1397.000000,       759
 17.180,0,   0.000000,   0.000000,1401.000000,       760
 17.180,0,   0.000000,   0.000000,1391.000000,       761
 17.180,0,   0.000000,   0.000000,1397.000000,       762
 17.180,0,   0.000000,   0.000000,1395.000000,       763
 17.180,0,   0.000000,   0.000000,1392.000000,       764
 17.180,0,   0.000000,   0.000000,1391.000000,       765
 17.180,0,   0.000000,   0.000000,1388.000000,       766
 17.180,0,   0.000000,   0.000000,1379.000000,       767
 17.180,0,   0.000000,   0.000000,1379.000000,       768
 17.180,0,   0.000000,   0.000000,1378.000000,       769
 17.180,0,   0.000000,   0.000000,1377.000000,       770
 17.180,0,   0.000000,   0.000000,1374.000000,       771
 17.180,0,   0.000000,   0.000000,1374.000000,       772
 17.200,0,   0.000000,   0.000000,1373.000000,       773
 17.200,0,   0.000000,   0.000000,1370.000000,       774
 17.200,0,   0.000000,   0.000000,1370.000000,       775
 17.200,0,   0.000000,   0.000000,1368.000000,       776
 17.200,0,   0.000000,   0.000000,1368.000000,       777
 17.200,0,   0.000000,   0.000000,1366.000000,       778
 17.200,0,   0.000000,   0.000000,1366.000000,       779
 17.200,0,   0.000000,   0.000000,1359.000000,       780
 17.200,0,   0.000000,   0.000000,1365.000000,       781
 17.200,0,   0.000000,   0.000000,1361.000000,       782
 17.200,0,   0.000000,   0.000000,1359.000000,       783
 17.200,0,   0.000000,   0.000000,1360.000000,       784
 17.200,0,   0.000000,   0.000000,1358.000000,       785
 17.200,0,   0.000000,   0.000000,1363.000000,       786
 17.200,0,   0.000000,   0.000000,1361.000000,       787
 17.200,0,   0.000000,   0.000000,1359.000000,       788
 17.200,0,   0.000000,   0.000000,1358.000000,       789
 17.200,0,   0.000000,   0.000000,1368.000000,       790
 17.200,0,   0.000000,   0.000000,1360.000000,       791
 17.200,0,   0.000000,   0.000000,1357.000000,       792
 17.200,0,   0.000000,   0.000000,1368.000000,       793
 17.200,0,   0.000000,   0.000000,1357.000000,       794
 17.200,0,   0.000000,   0.000000,1355.000000,       795
 17.200,0,   0.000000,   0.000000,1353.000000,       796
 17.200,0,   0.000000,   0.000000,1353.000000,       797
 17.200,0,   0.000000,   0.000000,1356.000000,       798
 17.200,0,   0.000000,   0.000000,1351.000000,       799
 17.200,0,   0.000000,   0.000000,1368.000000,       800
 17.180,0,   0.000000,   0.000000,1354.000000,       801
 17.180,0,   0.000000,   0.000000,1354.000000,       802
 17.180,0,   0.000000,   0.000000,1341.000000,       803
 17.180,0,   0.000000,   0.000000,1354.000000,       804
 17.180,0,   0.000000,   0.000000,1354.000000,       805
 17.180,0,   0.000000,   0.000000,1355.000000,       806
 17.180,0,   0.000000,   0.000000,1343.000000,       807
 17.180,0,   0.000000,   0.000000,1350.000000,       808
 17.180,0,   0.000000,   0.000000,1353.000000,       809
 17.180,0,   0.000000,   0.000000,1353.000000,       810
 17.180,0,   0.000000,   0.000000,1357.000000,       811
 17.180,0,   0.000000,   0.000000,1354.000000,       812
 17.180,0,   0.000000,   0.000000,1359.000000,       813
 17.180,0,   0.000000,   0.000000,1356.000000,       814
 17.180,0,   0.000000,   0.000000,1355.000000,       815
 17.180,0,   0.000000,   0.000000,1336.000000,       816
 17.180,0,   0.000000,   0.000000,1358.000000,       817
 17.180,0,   0.000000,   0.000000,1365.000000,       818
 17.180,0,   0.000000,   0.000000,1354.000000,       819
 17.180,0,   0.000000,   0.000000,1354.000000,       820
 17.180,0,   0.000000,   0.000000,1353.000000,       821
 17.180,0,   0.000000,   0.000000,1356.000000,       822
 17.180,0,   0.000000,   0.000000,1357.000000,       823
 17.180,0,   0.000000,   0.000000,1344.000000,       824
 17.180,0,   0.000000,   0.000000,1359.000000,       825
 17.180,0,   0.000000,   0.000000,1358.000000,       826
 17.180,0,   0.000000,   0.000000,1349.000000,       827
 17.180,0,   0.000000,   0.000000,1355.000000,       828
 17.180,0,   0.000000,   0.000000,1358.000000,       829
 17.180,0,   0.000000,   0.000000,1368.000000,       830
 17.180,0,   0.000000,   0.000000,1357.000000,       831
 17.180,0,   0.000000,   0.000000,1358.000000,       832
 17.180,0,   0.000000,   0.000000,1376.000000,       833
 17.180,0,   0.000000,   0.000000,1360.000000,       834
 17.180,0,   0.000000,   0.000000,1360.000000,       835
 17.180,0,   0.000000,   0.000000,1359.000000,       836
 17.160,0,   0.000000,   0.000000,1364.000000,       837
 17.160,0,   0.000000,   0.000000,1363.000000,       838
 17.160,0,   0.000000,   0.000000,1368.000000,       839
 17.140,0,   0.000000,   0.000000,1360.000000,       840
 17.120,0,   0.000000,   0.000000,1367.000000,       841
 17.100,0,   0.000000,   0.000000,1368.000000,       842
 17.100,0,   0.000000,   0.000000,1370.000000,       843
 17.080,0,   0.000000,   0.000000,1368.000000,       844
 17.060,0,   0.000000,   0.000000,1368.000000,       845
 17.060,0,   0.000000,   0.000000,1373.000000,       846
 17.040,0,   0.000000,   0.000000,1368.000000,       847
 17.020,0,   0.000000,   0.000000,1368.000000,       848
 17.020,0,   0.000000,   0.000000,1375.000000,       849
 17.020,0,   0.000000,   0.000000,1371.000000,       850
 17.000,0,   0.000000,   0.000000,1374.000000,       851
 17.000,0,   0.000000,   0.000000,1390.000000,       852
 17.000,0,   0.000000,   0.000000,1378.000000,       853
 17.000,0,   0.000000,   0.000000,1342.000000,       854
 17.000,0,   0.000000,   0.000000,1377.000000,       855
 17.000,0,   0.000000,   0.000000,1374.000000,       856
 16.980,0,   0.000000,   0.000000,1383.000000,       857
 16.980,0,   0.000000,   0.000000,1379.000000,       858
 16.980,0,   0.000000,   0.000000,1379.000000,       859
 16.980,0,   0.000000,   0.000000,1383.000000,       860
 16.980,0,   0.000000,   0.000000,1380.000000,       861
 16.980,0,   0.000000,   0.000000,1386.000000,       862
 16.980,0,   0.000000,   0.000000,1385.000000,       863
 16.980,0,   0.000000,   0.000000,1386.000000,       864
 16.980,0,   0.000000,   0.000000,1390.000000,       865
 16.980,0,   0.000000,   0.000000,1389.000000,       866
 16.980,0,   0.000000,   0.000000,1392.000000,       867
 16.980,0,   0.000000,   0.000000,1341.000000,       868
 16.980,0,   0.000000,   0.000000,1390.000000,       869
 16.980,0,   0.000000,   0.000000,1386.000000,       870
 16.980,0,   0.000000,   0.000000,1388.000000,       871
 16.980,0,   0.000000,   0.000000,1387.000000,       872
 16.980,0,   0.000000,   0.000000,1391.000000,       873
 16.980,0,   0.000000,   0.000000,1393.000000,       874
 16.980,0,   0.000000,   0.000000,1390.000000,       875
 17.000,0,   0.000000,   0.000000,1392.000000,       876
 17.000,0,   0.000000,   0.000000,1391.000000,       877
 17.000,0,   0.000000,   0.000000,1388.000000,       878
 17.000,0,   0.000000,   0.000000,1384.000000,       879
 17.020,0,   0.000000,   0.000000,1391.000000,       880
 17.020,0,   0.000000,   0.000000,1390.000000,       881
 17.040,0,   0.000000,   0.000000,1392.000000,       882
 17.060,0,   0.000000,   0.000000,1391.000000,       883
 17.060,0,   0.000000,   0.000000,1393.000000,       884
 17.080,0,   0.000000,   0.000000,1394.000000,       885
 17.080,0,   0.000000,   0.000000,1394.000000,       886
 17.100,0,   0.000000,   0.000000,1395.000000,       887
 17.100,0,   0.000000,   0.000000,1395.000000,       888
 17.100,0,   0.000000,   0.000000,1388.000000,       889
 17.120,0,   0.000000,   0.000000,1398.000000,       890
 17.120,0,   0.000000,   0.000000,1395.000000,       891
 17.120,0,   0.000000,   0.000000,1395.000000,       892
 17.120,0,   0.000000,   0.000000,1394.000000,       893
 17.140,0,   0.000000,   0.000000,1395.000000,       894
 17.160,0,   0.000000,   0.000000,1395.000000,       895
 17.180,0,   0.000000,   0.000000,1394.000000,       896
 17.220,0,   0.000000,   0.000000,1393.000000,       897
 17.260,0,   0.000000,   0.000000,1393.000000,       898
 17.320,0,   0.000000,   0.000000,1396.000000,       899
 17.340,0,   0.000000,   0.000000,1394.000000,       900
 17.380,0,   0.000000,   0.000000,1394.000000,       901
 17.400,0,   0.000000,   0.000000,1395.000000,       902
 17.420,0,   0.000000,   0.000000,1394.000000,       903
 17.420,0,   0.000000,   0.000000,1399.000000,       904
 17.420,0,   0.000000,   0.000000,1389.000000,       905
 17.440,0,   0.000000,   0.000000,1383.000000,       906
 17.440,0,   0.000000,   0.000000,1393.000000,       907
 17.440,0,   0.000000,   0.000000,1394.000000,       908
 17.440,0,   0.000000,   0.000000,1395.000000,       909
 17.440,0,   0.000000,   0.000000,1394.000000,       910
 17.440,0,   0.000000,   0.000000,1393.000000,       911
 17.440,0,   0.000000,   0.000000,1395.000000,       912
 17.460,0,   0.000000,   0.000000,1394.000000,       913
 17.480,0,   0.000000,   0.000000,1395.000000,       914
 17.500,0,   0.000000,   0.000000,1394.000000,       915
 17.520,0,   0.000000,   0.000000,1390.000000,       916
 17.540,0,   0.000000,   0.000000,1388.000000,       917
 17.580,0,   0.000000,   0.000000,1390.000000,       918
 17.620,0,   0.000000,   0.000000,1387.000000,       919
 17.660,0,   0.000000,   0.000000,1388.000000,       920
 17.680,0,   0.000000,   0.000000,1388.000000,       921
 17.720,0,   0.000000,   0.000000,1392.000000,       922
 17.760,0,   0.000000,   0.000000,1391.000000,       923
 17.800,0,   0.000000,   0.000000,1394.000000,       924
 17.840,0,   0.000000,   0.000000,1391.000000,       925
 17.880,0,   0.000000,   0.000000,1385.000000,       926
 17.900,0,   0.000000,   0.000000,1394.000000,       927
 17.940,0,   0.000000,   0.000000,1378.000000,       928
 17.960,0,   0.000000,   0.000000,1395.000000,       929
 17.960,0,   0.000000,   0.000000,1387.000000,       930
 17.980,0,   0.000000,   0.000000,1384.000000,       931
 18.000,0,   0.000000,   0.000000,1383.000000,       932
 18.000,0,   0.000000,   0.000000,1388.000000,       933
 18.020,0,   0.000000,   0.000000,1384.000000,       934
 18.020,0,   0.000000,   0.000000,1390.000000,       935
 18.020,0,   0.000000,   0.000000,1389.000000,       936
 18.020,0,   0.000000,   0.000000,1386.000000,       937
 18.020,0,   0.000000,   0.000000,1385.000000,       938
 18.020,0,   0.000000,   0.000000,1383.000000,       939
 18.040,0,   0.000000,   0.000000,1378.000000,       940
 18.040,0,   0.000000,   0.000000,1383.000000,       941
 18.040,0,   0.000000,   0.000000,1386.000000,       942
 18.040,0,   0.000000,   0.000000,1379.000000,       943
 18.040,0,   0.000000,   0.000000,1378.000000,       944
 18.040,0,   0.000000,   0.000000,1380.000000,       945
 18.040,0,   0.000000,   0.000000,1383.000000,       946
 18.040,0,   0.000000,   0.000000,1380.000000,       947
 18.040,0,   0.000000,   0.000000,1378.000000,       948
 18.040,0,   0.000000,   0.000000,1379.000000,       949
 18.040,0,   0.000000,   0.000000,1385.000000,       950
 18.040,0,   0.000000,   0.000000,1381.000000,       951
 18.040,0,   0.000000,   0.000000,1387.000000,       952
 18.040,0,   0.000000,   0.000000,1379.000000,       953
 18.040,0,   0.000000,   0.000000,1376.000000,       954
 18.040,0,   0.000000,   0.000000,1376.000000,       955
 18.040,0,   0.000000,   0.000000,1386.000000,       956
 18.040,0,   0.000000,   0.000000,1373.000000,       957
 18.040,0,   0.000000,   0.000000,1377.000000,       958
 18.040,0,   0.000000,   0.000000,1373.000000,       959
 18.040,0,   0.000000,   0.000000,1373.000000,       960
 18.040,0,   0.000000,   0.000000,1377.000000,       961
 18.040,0,   0.000000,   0.000000,1377.000000,       962
 18.040,0,   0.000000,   0.000000,1379.000000,       963
 18.040,0,   0.000000,   0.000000,1377.000000,       964
 18.040,0,   0.000000,   0.000000,1372.000000,       965
 18.040,0,   0.000000,   0.000000,1379.000000,       966
 18.020,0,   0.000000,   0.000000,1378.000000,       967
 18.020,0,   0.000000,   0.000000,1370.000000,       968
 18.020,0,   0.000000,   0.000000,1368.000000,       969
 18.020,0,   0.000000,   0.000000,1368.000000,       970
 18.020,0,   0.000000,   0.000000,1370.000000,       971
 18.020,0,   0.000000,   0.000000,1368.000000,       972
 18.020,0,   0.000000,   0.000000,1364.000000,       973
 18.020,0,   0.000000,   0.000000,1377.000000,       974
 18.000,0,   0.000000,   0.000000,1378.000000,       975
 18.000,0,   0.000000,   0.000000,1366.000000,       976
 18.000,0,   0.000000,   0.000000,1365.000000,       977
 18.000,0,   0.000000,   0.000000,1366.000000,       978
 18.000,0,   0.000000,   0.000000,1363.000000,       979
 18.000,0,   0.000000,   0.000000,1366.000000,       980
 18.000,0,   0.000000,   0.000000,1363.000000,       981
 18.000,0,   0.000000,   0.000000,1358.000000,       982
 18.000,0,   0.000000,   0.000000,1361.000000,       983
 18.000,0,   0.000000,   0.000000,1360.000000,       984
 18.000,0,   0.000000,   0.000000,1357.000000,       985
 18.000,0,   0.000000,   0.000000,1359.000000,       986
 17.980,0,   0.000000,   0.000000,1354.000000,       987
 17.980,0,   0.000000,   0.000000,1357.000000,       988
 17.980,0,   0.000000,   0.000000,1353.000000,       989
 17.980,0,   0.000000,   0.000000,1351.000000,       990
 17.980,0,   0.000000,   0.000000,1350.000000,       991
 17.980,0,   0.000000,   0.000000,1351.000000,       992
 17.980,0,   0.000000,   0.000000,1346.000000,       993
 17.980,0,   0.000000,   0.000000,1342.000000,       994
 17.980,0,   0.000000,   0.000000,1343.000000,       995
 17.980,0,   0.000000,   0.000000,1340.000000,       996
 17.980,0,   0.000000,   0.000000,1338.000000,       997
 17.980,0,   0.000000,   0.000000,1337.000000,       998
 17.980,0,   0.000000,   0.000000,1334.000000,       999
 17.980,0,   0.000000,   0.000000,1334.000000,      1000
 17.980,0,   0.000000,   0.000000,1333.000000,      1001
 17.980,0,   0.000000,   0.000000,1334.000000,      1002
 17.980,0,   0.000000,   0.000000,1330.000000,      1003
 17.980,0,   0.000000,   0.000000,1335.000000,      1004
 17.980,0,   0.000000,   0.000000,1331.000000,      1005
 17.980,0,   0.000000,   0.000000,1294.000000,      1006
 17.980,0,   0.000000,   0.000000,1332.000000,      1007
 17.980,0,   0.000000,   0.000000,1333.000000,      1008
 17.980,0,   0.000000,   0.000000,1332.000000,      1009
 17.980,0,   0.000000,   0.000000,1333.000000,      1010
 17.980,0,   0.000000,   0.000000,1308.000000,      1011
 17.980,0,   0.000000,   0.000000,1328.000000,      1012
 17.980,0,   0.000000,   0.000000,1326.000000,      1013
 17.980,0,   0.000000,   0.000000,1359.000000,      1014
 17.980,0,   0.000000,   0.000000,1328.000000,      1015
 17.980,0,   0.000000,   0.000000,1324.000000,      1016
 17.980,0,   0.000000,   0.000000,1326.000000,      1017
 17.980,0,   0.000000,   0.000000,1350.000000,      1018
 17.980,0,   0.000000,   0.000000,1319.000000,      1019
 17.980,0,   0.000000,   0.000000,1323.000000,      1020
 17.980,0,   0.000000,   0.000000,1321.000000,      1021
 17.980,0,   0.000000,   0.000000,1321.000000,      1022
 17.980,0,   0.000000,   0.000000,1321.000000,      1023
 17.980,0,   0.000000,   0.000000,1323.000000,      1024
 17.980,0,   0.000000,   0.000000,1323.000000,      1025
 17.980,0,   0.000000,   0.000000,1326.000000,      1026
 17.980,0,   0.000000,   0.000000,1324.000000,      1027
 17.980,0,   0.000000,   0.000000,1325.000000,      1028
 17.980,0,   0.000000,   0.000000,1326.000000,      1029
 17.980,0,   0.000000,   0.000000,1341.000000,      1030
 17.980,0,   0.000000,   0.000000,1342.000000,      1031
 17.980,0,   0.000000,   0.000000,1328.000000,      1032
 17.980,0,   0.000000,   0.000000,1331.000000,      1033
 17.980,0,   0.000000,   0.000000,1311.000000,      1034
 17.980,0,   0.000000,   0.000000,1331.000000,      1035
 17.980,0,   0.000000,   0.000000,1338.000000,      1036
 17.980,0,   0.000000,   0.000000,1348.000000,      1037
 17.980,0,   0.000000,   0.000000,1333.000000,      1038
 17.980,0,   0.000000,   0.000000,1320.000000,      1039
 17.980,0,   0.000000,   0.000000,1338.000000,      1040
 17.980,0,   0.000000,   0.000000,1336.000000,      1041
 17.980,0,   0.000000,   0.000000,1338.000000,      1042
 17.980,0,   0.000000,   0.000000,1341.000000,      1043
 17.980,0,   0.000000,   0.000000,1346.000000,      1044
 17.980,0,   0.000000,   0.000000,1343.000000,      1045
 17.980,0,   0.000000,   0.000000,1346.000000,      1046
 17.980,0,   0.000000,   0.000000,1354.000000,      1047
 17.980,0,   0.000000,   0.000000,1355.000000,      1048
 17.980,0,   0.000000,   0.000000,1336.000000,      1049
 17.980,0,   0.000000,   0.000000,1354.000000,      1050
 17.980,0,   0.000000,   0.000000,1328.000000,      1051
 17.980,0,   0.000000,   0.000000,1374.000000,      1052
 17.980,0,   0.000000,   0.000000,1363.000000,      1053
 17.980,0,   0.000000,   0.000000,1422.000000,      1054
 17.980,0,   0.000000,   0.000000,1331.000000,      1055
 17.980,0,   0.000000,   0.000000,1368.000000,      1056
 17.980,0,   0.000000,   0.000000,1368.000000,      1057
 17.980,0,   0.000000,   0.000000,1370.000000,      1058
 17.980,0,   0.000000,   0.000000,1379.000000,      1059
 17.980,0,   0.000000,   0.000000,1376.000000,      1060
 17.980,0,   0.000000,   0.000000,1366.000000,      1061
 17.980,0,   0.000000,   0.000000,1378.000000,      1062
 17.980,0,   0.000000,   0.000000,1383.000000,      1063
 17.980,0,   0.000000,   0.000000,1383.000000,      1064
 17.980,0,   0.000000,   0.000000,1383.000000,      1065
 17.980,0,   0.000000,   0.000000,1388.000000,      1066
 17.980,0,   0.000000,   0.000000,1389.000000,      1067
 17.980,0,   0.000000,   0.000000,1392.000000,      1068
 18.000,0,   0.000000,   0.000000,1393.000000,      1069
 18.000,0,   0.000000,   0.000000,1395.000000,      1070
 18.000,0,   0.000000,   0.000000,1397.000000,      1071
 18.020,0,   0.000000,   0.000000,1397.000000,      1072
 18.020,0,   0.000000,   0.000000,1395.000000,      1073
 18.020,0,   0.000000,   0.000000,1399.000000,      1074
 18.040,0,   0.000000,   0.000000,1401.000000,      1075
 18.040,0,   0.000000,   0.000000,1404.000000,      1076
 18.040,0,   0.000000,   0.000000,1405.000000,      1077
 18.060,0,   0.000000,   0.000000,1407.000000,      1078
 18.060,0,   0.000000,   0.000000,1406.000000,      1079
 18.060,0,   0.000000,   0.000000,1408.000000,      1080
 18.060,0,   0.000000,   0.000000,1408.000000,      1081
 18.060,0,   0.000000,   0.000000,1414.000000,      1082
 18.060,0,   0.000000,   0.000000,1408.000000,      1083
 18.060,0,   0.000000,   0.000000,1418.000000,      1084
 18.080,0,   0.000000,   0.000000,1418.000000,      1085
 18.080,0,   0.000000,   0.000000,1422.000000,      1086
 18.080,0,   0.000000,   0.000000,1420.000000,      1087
 18.080,0,   0.000000,   0.000000,1417.000000,      1088
 18.080,0,   0.000000,   0.000000,1422.000000,      1089
 18.080,0,   0.000000,   0.000000,1421.000000,      1090
 18.080,0,   0.000000,   0.000000,1395.000000,      1091
 18.080,0,   0.000000,   0.000000,1422.000000,      1092
 18.080,0,   0.000000,   0.000000,1422.000000,      1093
 18.080,0,   0.000000,   0.000000,1422.000000,      1094
 18.080,0,   0.000000,   0.000000,1424.000000,      1095
 18.080,0,   0.000000,   0.000000,1423.000000,      1096
 18.080,0,   0.000000,   0.000000,1426.000000,      1097
 18.080,0,   0.000000,   0.000000,1424.000000,      1098
 18.080,0,   0.000000,   0.000000,1436.000000,      1099
 18.080,0,   0.000000,   0.000000,1428.000000,      1100
 18.080,0,   0.000000,   0.000000,1424.000000,      1101
 18.080,0,   0.000000,   0.000000,1423.000000,      1102
 18.080,0,   0.000000,   0.000000,1422.000000,      1103
 18.080,0,   0.000000,   0.000000,1422.000000,      1104
 18.080,0,   0.000000,   0.000000,1424.000000,      1105
 18.080,0,   0.000000,   0.000000,1424.000000,      1106
 18.080,0,   0.000000,   0.000000,1428.000000,      1107
 18.080,0,   0.000000,   0.000000,1423.000000,      1108
 18.080,0,   0.000000,   0.000000,1423.000000,      1109
 18.080,0,   0.000000,   0.000000,1424.000000,      1110
 18.080,0,   0.000000,   0.000000,1453.000000,      1111
 18.080,0,   0.000000,   0.000000,1434.000000,      1112
 18.080,0,   0.000000,   0.000000,1420.000000,      1113
 18.080,0,   0.000000,   0.000000,1419.000000,      1114
 18.080,0,   0.000000,   0.000000,1419.000000,      1115
 18.080,0,   0.000000,   0.000000,1431.000000,      1116
 18.080,0,   0.000000,   0.000000,1421.000000,      1117
 18.080,0,   0.000000,   0.000000,1422.000000,      1118
 18.080,0,   0.000000,   0.000000,1422.000000,      1119
 18.080,0,   0.000000,   0.000000,1422.000000,      1120
 18.080,0,   0.000000,   0.000000,1426.000000,      1121
 18.080,0,   0.000000,   0.000000,1419.000000,      1122
 18.080,0,   0.000000,   0.000000,1418.000000,      1123
 18.080,0,   0.000000,   0.000000,1416.000000,      1124
 18.080,0,   0.000000,   0.000000,1418.000000,      1125
 18.080,0,   0.000000,   0.000000,1422.000000,      1126
 18.080,0,   0.000000,   0.000000,1408.000000,      1127
 18.080,0,   0.000000,   0.000000,1408.000000,      1128
 18.080,0,   0.000000,   0.000000,1407.000000,      1129
 18.080,0,   0.000000,   0.000000,1407.000000,      1130
 18.080,0,   0.000000,   0.000000,1404.000000,      1131
 18.080,0,   0.000000,   0.000000,1401.000000,      1132
 18.080,0,   0.000000,   0.000000,1403.000000,      1133
 18.080,0,   0.000000,   0.000000,1398.000000,      1134
 18.080,0,   0.000000,   0.000000,1397.000000,      1135
 18.080,0,   0.000000,   0.000000,1396.000000,      1136
 18.080,0,   0.000000,   0.000000,1395.000000,      1137
 18.080,0,   0.000000,   0.000000,1396.000000,      1138
 18.080,0,   0.000000,   0.000000,1395.000000,      1139
 18.080,0,   0.000000,   0.000000,1393.000000,      1140
 18.080,0,   0.000000,   0.000000,1388.000000,      1141
 18.080,0,   0.000000,   0.000000,1390.000000,      1142
 18.080,0,   0.000000,   0.000000,1388.000000,      1143
 18.080,0,   0.000000,   0.000000,1379.000000,      1144
 18.080,0,   0.000000,   0.000000,1379.000000,      1145
 18.080,0,   0.000000,   0.000000,1383.000000,      1146
 18.080,0,   0.000000,   0.000000,1381.000000,      1147
 18.080,0,   0.000000,   0.000000,1371.000000,      1148
 18.080,0,   0.000000,   0.000000,1395.000000,      1149
 18.080,0,   0.000000,   0.000000,1342.000000,      1150
 18.080,0,   0.000000,   0.000000,1368.000000,      1151
 18.080,0,   0.000000,   0.000000,1366.000000,      1152
 18.080,0,   0.000000,   0.000000,1363.000000,      1153
 18.080,0,   0.000000,   0.000000,1364.000000,      1154
 18.080,0,   0.000000,   0.000000,1361.000000,      1155
 18.080,0,   0.000000,   0.000000,1355.000000,      1156
 18.080,0,   0.000000,   0.000000,1351.000000,      1157
 18.080,0,   0.000000,   0.000000,1348.000000,      1158
 18.080,0,   0.000000,   0.000000,1317.000000,      1159
 18.080,0,   0.000000,   0.000000,1314.000000,      1160
 18.080,0,   0.000000,   0.000000,1353.000000,      1161
 18.080,0,   0.000000,   0.000000,1342.000000,      1162
 18.080,0,   0.000000,   0.000000,1342.000000,      1163
 18.080,0,   0.000000,   0.000000,1339.000000,      1164
 18.080,0,   0.000000,   0.000000,1338.000000,      1165
 18.080,0,   0.000000,   0.000000,1344.000000,      1166
 18.080,0,   0.000000,   0.000000,1331.000000,      1167
 18.080,0,   0.000000,   0.000000,1334.000000,      1168
 18.080,0,   0.000000,   0.000000,1333.000000,      1169
 18.080,0,   0.000000,   0.000000,1343.000000,      1170
 18.080,0,   0.000000,   0.000000,1328.000000,      1171
 18.080,0,   0.000000,   0.000000,1323.000000,      1172
 18.080,0,   0.000000,   0.000000,1324.000000,      1173
 18.080,0,   0.000000,   0.000000,1326.000000,      1174
 18.080,0,   0.000000,   0.000000,1321.000000,      1175
 18.080,0,   0.000000,   0.000000,1323.000000,      1176
 18.080,0,   0.000000,   0.000000,1350.000000,      1177
 18.080,0,   0.000000,   0.000000,1321.000000,      1178
 18.080,0,   0.000000,   0.000000,1321.000000,      1179
 18.080,0,   0.000000,   0.000000,1318.000000,      1180
 18.080,0,   0.000000,   0.000000,1319.000000,      1181
 18.080,0,   0.000000,   0.000000,1326.000000,      1182
 18.080,0,   0.000000,   0.000000,1321.000000,      1183
 18.080,0,   0.000000,   0.000000,1303.000000,      1184
 18.080,0,   0.000000,   0.000000,1325.000000,      1185
 18.080,0,   0.000000,   0.000000,1328.000000,      1186
 18.080,0,   0.000000,   0.000000,1325.000000,      1187
 18.080,0,   0.000000,   0.000000,1337.000000,      1188
 18.080,0,   0.000000,   0.000000,1325.000000,      1189
 18.080,0,   0.000000,   0.000000,1329.000000,      1190
 18.080,0,   0.000000,   0.000000,1327.000000,      1191
 18.080,0,   0.000000,   0.000000,1325.000000,      1192
 18.080,0,   0.000000,   0.000000,1328.000000,      1193
 18.080,0,   0.000000,   0.000000,1326.000000,      1194
 18.080,0,   0.000000,   0.000000,1328.000000,      1195
 18.080,0,   0.000000,   0.000000,1318.000000,      1196
 18.080,0,   0.000000,   0.000000,1339.000000,      1197
 18.080,0,   0.000000,   0.000000,1333.000000,      1198
 18.080,0,   0.000000,   0.000000,1330.000000,      1199
 18.080,0,   0.000000,   0.000000,1346.000000,      1200
 18.080,0,   0.000000,   0.000000,1330.000000,      1201
 18.080,0,   0.000000,   0.000000,1330.000000,      1202
 18.080,0,   0.000000,   0.000000,1332.000000,      1203
 18.080,0,   0.000000,   0.000000,1342.000000,      1204
 18.080,0,   0.000000,   0.000000,1337.000000,      1205
 18.080,0,   0.000000,   0.000000,1337.000000,      1206
 18.080,0,   0.000000,   0.000000,1335.000000,      1207
 18.080,0,   0.000000,   0.000000,1338.000000,      1208
 18.080,0,   0.000000,   0.000000,1339.000000,      1209
 18.080,0,   0.000000,   0.000000,1343.000000,      1210
 18.080,0,   0.000000,   0.000000,1342.000000,      1211
 18.080,0,   0.000000,   0.000000,1341.000000,      1212
 18.080,0,   0.000000,   0.000000,1341.000000,      1213
 18.080,0,   0.000000,   0.000000,1342.000000,      1214
 18.080,0,   0.000000,   0.000000,1343.000000,      1215
 18.080,0,   0.000000,   0.000000,1348.000000,      1216
 18.080,0,   0.000000,   0.000000,1347.000000,      1217
 18.080,0,   0.000000,   0.000000,1342.000000,      1218
 18.080,0,   0.000000,   0.000000,1346.000000,      1219
 18.080,0,   0.000000,   0.000000,1351.000000,      1220
 18.080,0,   0.000000,   0.000000,1369.000000,      1221
 18.080,0,   0.000000,   0.000000,1338.000000,      1222
 18.080,0,   0.000000,   0.000000,1354.000000,      1223
 18.080,0,   0.000000,   0.000000,1353.000000,      1224
 18.080,0,   0.000000,   0.000000,1357.000000,      1225
 18.080,0,   0.000000,   0.000000,1364.000000,      1226
 18.080,0,   0.000000,   0.000000,1337.000000,      1227
 18.080,0,   0.000000,   0.000000,1353.000000,      1228
 18.080,0,   0.000000,   0.000000,1358.000000,      1229
 18.080,0,   0.000000,   0.000000,1366.000000,      1230
 18.080,0,   0.000000,   0.000000,1363.000000,      1231
 18.080,0,   0.000000,   0.000000,1365.000000,      1232
 18.080,0,   0.000000,   0.000000,1368.000000,      1233
 18.080,0,   0.000000,   0.000000,1368.000000,      1234
 18.080,0,   0.000000,   0.000000,1371.000000,      1235
 18.080,0,   0.000000,   0.000000,1377.000000,      1236
 18.080,0,   0.000000,   0.000000,1378.000000,      1237
 18.080,0,   0.000000,   0.000000,1374.000000,      1238
 18.080,0,   0.000000,   0.000000,1373.000000,      1239
 18.080,0,   0.000000,   0.000000,1381.000000,      1240
 18.060,0,   0.000000,   0.000000,1373.000000,      1241
 18.060,0,   0.000000,   0.000000,1371.000000,      1242
 18.060,0,   0.000000,   0.000000,1373.000000,      1243
 18.060,0,   0.000000,   0.000000,1368.000000,      1244
 18.040,0,   0.000000,   0.000000,1377.000000,      1245
 18.040,0,   0.000000,   0.000000,1368.000000,      1246
 18.040,0,   0.000000,   0.000000,1378.000000,      1247
 18.040,0,   0.000000,   0.000000,1374.000000,      1248
 18.040,0,   0.000000,   0.000000,1370.000000,      1249
 18.020,0,   0.000000,   0.000000,1373.000000,      1250
 18.020,0,   0.000000,   0.000000,1358.000000,      1251
 18.020,0,   0.000000,   0.000000,1368.000000,      1252
 18.020,0,   0.000000,   0.000000,1373.000000,      1253
 18.020,0,   0.000000,   0.000000,1374.000000,      1254
 18.020,0,   0.000000,   0.000000,1371.000000,      1255
 18.020,0,   0.000000,   0.000000,1374.000000,      1256
 18.020,0,   0.000000,   0.000000,1373.000000,      1257
 18.020,0,   0.000000,   0.000000,1377.000000,      1258
 18.020,0,   0.000000,   0.000000,1378.000000,      1259
 18.000,0,   0.000000,   0.000000,1377.000000,      1260
 18.000,0,   0.000000,   0.000000,1382.000000,      1261
 18.000,0,   0.000000,   0.000000,1357.000000,      1262
 18.000,0,   0.000000,   0.000000,1353.000000,      1263
 18.000,0,   0.000000,   0.000000,1373.000000,      1264
 18.000,0,   0.000000,   0.000000,1373.000000,      1265
 18.000,0,   0.000000,   0.000000,1373.000000,      1266
 18.000,0,   0.000000,   0.000000,1377.000000,      1267
 18.000,0,   0.000000,   0.000000,1373.000000,      1268
 18.000,0,   0.000000,   0.000000,1370.000000,      1269
 18.000,0,   0.000000,   0.000000,1371.000000,      1270
 18.000,0,   0.000000,   0.000000,1371.000000,      1271
 18.000,0,   0.000000,   0.000000,1373.000000,      1272
 18.000,0,   0.000000,   0.000000,1371.000000,      1273
 18.000,0,   0.000000,   0.000000,1368.000000,      1274
 18.000,0,   0.000000,   0.000000,1373.000000,      1275
 18.000,0,   0.000000,   0.000000,1338.000000,      1276
 18.000,0,   0.000000,   0.000000,1370.000000,      1277
 18.000,0,   0.000000,   0.000000,1373.000000,      1278
 18.000,0,   0.000000,   0.000000,1370.000000,      1279
 18.000,0,   0.000000,   0.000000,1371.000000,      1280
 18.000,0,   0.000000,   0.000000,1370.000000,      1281
 18.000,0,   0.000000,   0.000000,1369.000000,      1282
 18.000,0,   0.000000,   0.000000,1368.000000,      1283
 18.000,0,   0.000000,   0.000000,1368.000000,      1284
